1	1	4.656360e-18
2	2	2.754240e-18
3	3	1.003134e-16
4	4	7.178560e-18
5	5	4.369380e-18
6	6	8.146710e-18
7	7	3.039170e-18
8	8	1.929280e-17
9	9	3.149560e-18
10	10	1.965600e-17
11	11	2.747740e-18
12	12	1.928790e-17
13	13	2.770350e-17
14	14	5.770680e-18
15	15	2.196250e-17
16	16	1.634490e-16
17	17	1.908430e-17
18	18	1.199670e-17
19	19	3.976470e-16
20	20	7.848540e-18
21	21	1.390450e-17
22	22	1.017006e-17
23	23	1.110740e-17
24	24	2.576990e-18
25	25	1.012340e-15
26	26	1.303180e-17
27	27	1.300740e-17
28	28	9.403980e-18
29	29	3.935310e-18
30	30	1.678380e-17
31	31	5.220870e-17
32	32	2.631000e-16
33	33	7.037270e-16
34	34	1.778520e-17
35	35	1.644110e-17
36	36	2.577330e-16
37	37	3.424160e-17
38	38	3.832320e-17
39	39	2.673750e-16
40	40	1.539630e-17
41	41	6.425230e-17
42	42	3.348790e-18
43	43	1.136820e-17
44	44	1.145700e-17
45	45	2.087990e-17
46	46	1.994690e-17
47	47	2.632990e-17
48	48	2.027110e-17
49	49	1.222460e-17
50	50	1.748120e-17
51	51	1.907730e-17
52	52	1.748120e-17
