1	1	1.579450e-18
2	2	4.599110e-18
3	3	1.934160e-17
4	4	2.405510e-16
5	5	5.305990e-18
6	6	2.138740e-17
7	7	3.393070e-18
8	8	1.192330e-17
9	9	1.154200e-17
10	10	5.899530e-16
11	11	3.021520e-17
12	12	8.930110e-18
13	13	8.971740e-18
14	14	2.193770e-17
15	15	3.889710e-17
16	16	3.424160e-17
17	17	6.528490e-16
18	18	4.503810e-18
19	19	1.787040e-17
20	20	5.770680e-18
21	21	5.450510e-16
22	22	1.137200e-17
23	23	1.145700e-17
24	24	2.026850e-17
25	25	2.641310e-17
26	26	6.041080e-18
27	27	1.561450e-16
28	28	1.835600e-17
29	29	1.867760e-17
