1	1	2.352880e-18
2	2	2.051510e-17
3	3	3.529760e-18
4	4	6.440910e-18
5	5	7.998620e-18
6	6	6.025450e-18
7	7	9.296020e-18
8	8	6.810850e-18
9	9	5.947140e-18
10	10	1.033988e-17
11	11	1.904110e-17
12	12	2.930700e-17
13	13	2.930700e-17
14	14	8.593200e-17
15	15	7.776290e-17
16	16	2.253640e-16
17	17	1.356280e-17
18	18	1.072280e-17
19	19	1.300740e-17
20	20	8.998670e-18
21	21	2.743110e-17
22	22	2.178230e-17
23	23	9.483500e-18
24	24	1.009318e-16
25	25	4.182290e-16
26	26	3.257260e-16
27	27	3.346240e-17
28	28	3.424160e-17
29	29	2.002000e-16
30	30	1.957710e-16
31	31	1.412772e-18
32	32	5.312130e-18
33	33	1.152950e-17
34	34	1.145700e-17
35	35	1.568210e-17
36	36	1.568210e-17
37	37	1.919480e-17
38	38	2.048760e-17
39	39	7.587130e-17
40	40	1.282360e-17
41	41	8.689270e-18
42	42	1.589390e-17
43	43	1.835600e-17
44	44	6.695580e-18
45	45	8.065400e-18
46	46	6.131380e-18
