1	1	4.770680e-18
2	2	2.196250e-17
3	3	1.642470e-16
4	4	1.290240e-17
5	5	1.300740e-17
6	6	4.567430e-18
7	7	8.190010e-18
8	8	3.497890e-18
9	9	1.922820e-17
10	10	4.588790e-18
11	11	2.007940e-17
12	12	1.340100e-16
13	13	1.659830e-17
14	14	3.405770e-16
15	15	1.453130e-17
16	16	8.705570e-18
17	17	3.903500e-18
18	18	1.255140e-16
19	19	1.563440e-17
20	20	3.424160e-17
21	21	3.826250e-17
22	22	3.344020e-18
23	23	2.887760e-16
24	24	1.136820e-17
25	25	1.145700e-17
26	26	2.025710e-17
27	27	2.089460e-17
28	28	3.335470e-17
29	29	9.188820e-18
30	30	1.184130e-17
31	31	1.352330e-17
32	32	6.721060e-17
33	33	5.226660e-18
34	34	1.797500e-17
