1	1	2.243770e-18
2	2	9.336590e-18
3	3	2.698770e-18
4	4	4.438550e-18
5	5	2.068230e-17
6	6	2.002520e-17
7	7	3.792030e-18
8	8	4.257530e-17
9	9	3.581930e-18
10	10	4.503260e-18
11	11	8.814830e-18
12	12	3.903670e-18
13	13	2.089510e-17
14	14	2.788440e-16
15	15	2.007950e-17
16	16	3.243770e-18
17	17	9.341540e-18
18	18	2.691560e-18
19	19	1.919320e-17
20	20	4.438550e-18
21	21	1.989600e-17
22	22	3.632580e-18
23	23	4.705730e-18
24	24	8.974920e-18
25	25	4.503260e-18
26	26	8.814830e-18
27	27	3.903670e-18
28	28	2.091450e-17
29	29	2.777680e-16
30	30	1.917860e-17
31	31	3.303330e-18
32	32	1.374310e-17
33	33	1.364310e-18
34	34	2.047770e-18
35	35	1.413450e-17
36	36	4.248580e-18
37	37	3.149560e-18
38	38	2.037560e-17
39	39	1.928790e-17
40	40	1.976580e-17
41	41	3.396270e-16
42	42	3.497890e-18
43	43	4.588790e-18
44	44	8.705570e-18
45	45	1.922820e-17
46	46	2.001570e-17
47	47	4.567430e-18
48	48	8.190010e-18
49	49	3.497890e-18
50	50	1.922820e-17
51	51	4.588790e-18
52	52	2.007940e-17
53	53	1.340100e-16
54	54	2.417510e-17
55	55	1.149930e-18
56	56	2.461800e-17
57	57	2.438230e-17
58	58	2.424100e-17
59	59	3.843140e-18
60	60	3.757870e-16
61	61	9.223510e-18
62	62	2.165980e-17
63	63	1.119180e-16
64	64	2.627160e-18
65	65	3.209880e-18
66	66	1.491460e-17
67	67	1.810560e-17
68	68	3.775210e-16
69	69	7.305320e-18
70	70	1.119530e-16
71	71	2.593410e-16
72	72	8.941920e-18
73	73	2.687030e-17
74	74	2.712140e-17
75	75	7.902400e-18
76	76	8.705570e-18
77	77	4.661770e-16
78	78	7.737250e-18
79	79	1.628440e-16
80	80	4.832890e-18
81	81	2.851940e-17
82	82	4.649910e-16
83	83	8.248610e-18
84	84	1.628440e-16
85	85	6.679560e-17
86	86	2.510420e-17
87	87	8.668940e-18
88	88	1.166060e-16
89	89	7.977960e-18
90	90	6.019230e-17
91	91	5.318520e-18
92	92	8.655020e-18
93	93	1.459800e-17
94	94	3.567610e-16
95	95	1.103990e-17
96	96	7.871680e-18
97	97	4.488540e-17
98	98	3.916750e-17
99	99	3.794530e-17
100	100	6.944760e-17
101	101	1.139730e-16
102	102	1.498950e-17
103	103	2.565450e-16
104	104	6.017490e-17
105	105	1.891840e-17
106	106	2.789570e-17
107	107	1.663020e-16
108	108	4.056580e-17
109	109	4.056580e-17
110	110	3.695500e-16
111	111	7.085930e-17
112	112	7.085930e-17
113	113	3.692450e-16
114	114	1.000000e-18
115	115	1.358528e-18
116	116	1.000000e-18
117	117	2.651140e-18
118	118	6.425230e-17
119	119	2.871540e-16
120	120	7.093420e-18
121	121	9.821890e-17
122	122	6.649840e-18
123	123	4.482570e-17
124	124	2.887760e-16
125	125	1.114220e-17
126	126	4.353750e-16
127	127	5.327260e-17
128	128	8.317170e-18
129	129	4.295780e-18
130	130	2.292740e-17
131	131	1.199810e-17
132	132	8.195440e-17
133	133	1.137200e-17
134	134	1.137200e-17
135	135	1.145700e-17
136	136	1.145700e-17
137	137	2.009430e-17
138	138	2.024830e-17
139	139	2.244340e-17
140	140	2.025710e-17
141	141	1.517640e-17
142	142	1.517180e-17
143	143	2.040430e-17
144	144	2.040430e-17
145	145	2.026850e-17
146	146	2.089460e-17
147	147	3.013970e-17
148	148	2.089460e-17
149	149	2.065110e-17
150	150	2.070670e-17
151	151	2.634480e-17
152	152	2.634220e-17
153	153	1.128300e-17
154	154	1.849140e-17
155	155	3.610660e-17
156	156	4.139200e-17
157	157	1.364230e-17
158	158	4.732980e-16
159	159	9.528020e-18
160	160	9.733570e-18
161	161	1.014220e-17
162	162	3.335470e-17
163	163	9.470530e-17
164	164	9.949170e-17
165	165	3.335470e-17
166	166	1.124840e-17
167	167	1.284710e-17
168	168	7.201670e-18
169	169	7.437610e-18
170	170	7.645240e-18
171	171	7.201670e-18
172	172	7.437610e-18
173	173	3.290530e-18
174	174	4.114910e-18
175	175	4.544370e-18
176	176	4.544370e-18
177	177	3.811590e-18
178	178	8.550260e-18
179	179	2.866240e-18
180	180	2.475670e-18
181	181	1.797500e-17
182	182	1.797500e-17
183	183	1.665570e-17
184	184	1.747920e-17
185	185	6.869750e-18
186	186	2.788670e-17
187	187	1.744950e-17
188	188	6.869750e-18
189	189	2.896170e-17
190	190	1.885270e-17
