1	1	2.243770e-18
2	2	9.341540e-18
3	3	2.709060e-18
4	4	1.919320e-17
5	5	4.438550e-18
6	6	1.989600e-17
7	7	5.770680e-18
8	8	2.196250e-17
9	9	2.139910e-17
10	10	3.529760e-18
11	11	3.243770e-18
12	12	9.362340e-18
13	13	2.709060e-18
14	14	4.438550e-18
15	15	1.989600e-17
16	16	1.919320e-17
17	17	1.628440e-16
18	18	1.352310e-17
19	19	1.300740e-17
20	20	1.628440e-16
21	21	9.783220e-18
22	22	7.751870e-16
23	23	3.220360e-16
24	24	4.056580e-17
25	25	3.424160e-17
26	26	3.889710e-17
27	27	7.923480e-16
28	28	4.056580e-17
29	29	1.114220e-17
30	30	5.305990e-18
31	31	1.137200e-17
32	32	1.145700e-17
33	33	1.517180e-17
34	34	1.517180e-17
35	35	2.064630e-17
36	36	2.064630e-17
37	37	1.014220e-17
38	38	1.155020e-17
39	39	1.282010e-17
40	40	5.990920e-17
41	41	1.380860e-17
42	42	5.972690e-17
43	43	1.503920e-17
44	44	2.443240e-16
45	45	7.667900e-18
46	46	1.297480e-17
47	47	1.096180e-16
48	48	7.201670e-18
49	49	8.627280e-18
50	50	7.437610e-18
51	51	1.569800e-17
52	52	1.936480e-16
53	53	1.981390e-17
54	54	4.544370e-18
55	55	2.788670e-17
56	56	1.744950e-17
57	57	6.632850e-18
58	58	8.151660e-18
59	59	6.197700e-18
60	60	7.128200e-18
61	61	7.369860e-18
62	62	2.788670e-17
63	63	1.744950e-17
