1	1	2.243770e-18
2	2	9.341540e-18
3	3	2.709060e-18
4	4	1.919320e-17
5	5	4.438550e-18
6	6	1.989600e-17
7	7	5.768270e-18
8	8	2.189200e-17
9	9	2.138740e-17
10	10	3.393070e-18
11	11	7.197700e-18
12	12	2.315340e-16
13	13	2.231150e-18
14	14	4.438550e-18
15	15	1.989600e-17
16	16	1.613220e-17
17	17	1.628440e-16
18	18	3.123560e-17
19	19	1.205270e-17
20	20	1.152830e-17
21	21	1.826820e-17
22	22	1.686710e-16
23	23	8.918880e-18
24	24	9.648880e-17
25	25	1.267360e-17
26	26	7.751870e-16
27	27	3.220360e-16
28	28	4.056580e-17
29	29	7.093370e-16
30	30	1.717840e-17
31	31	1.651560e-17
32	32	3.738610e-17
33	33	3.339970e-17
34	34	3.889710e-17
35	35	7.874820e-16
36	36	1.114220e-17
37	37	5.305990e-18
38	38	1.137200e-17
39	39	1.145700e-17
40	40	1.517180e-17
41	41	1.517430e-17
42	42	2.064630e-17
43	43	2.064890e-17
44	44	1.014220e-17
45	45	7.201670e-18
46	46	8.627280e-18
47	47	7.437610e-18
48	48	4.544370e-18
49	49	2.741640e-17
50	50	1.745130e-17
51	51	2.687740e-16
52	52	6.632850e-18
53	53	8.068090e-18
54	54	7.128200e-18
55	55	7.369860e-18
56	56	2.788670e-17
57	57	1.744950e-17
