1	1	2.243770e-18
2	2	9.192940e-18
3	3	2.709880e-18
4	4	4.438550e-18
5	5	1.989600e-17
6	6	1.919320e-17
7	7	5.305970e-18
8	8	2.138940e-17
9	9	3.357040e-18
10	10	3.243770e-18
11	11	9.341540e-18
12	12	2.709880e-18
13	13	4.438550e-18
14	14	1.989600e-17
15	15	1.919320e-17
16	16	8.128200e-18
17	17	6.556770e-18
18	18	7.835160e-16
19	19	4.918910e-18
20	20	1.411860e-16
21	21	1.312190e-17
22	22	1.264360e-17
23	23	1.436370e-17
24	24	1.628440e-16
25	25	2.194320e-17
26	26	9.783220e-18
27	27	9.277560e-17
28	28	1.389440e-17
29	29	3.272050e-16
30	30	3.840230e-17
31	31	3.889710e-17
32	32	3.424160e-17
33	33	2.069910e-16
34	34	3.081590e-16
35	35	4.056580e-17
36	36	5.770630e-18
37	37	1.137200e-17
38	38	1.145700e-17
39	39	1.510990e-17
40	40	1.517430e-17
41	41	2.056850e-17
42	42	2.064890e-17
43	43	1.014220e-17
44	44	9.740320e-18
45	45	7.201670e-18
46	46	7.437980e-18
47	47	6.565960e-18
48	48	7.283620e-18
49	49	4.544370e-18
50	50	8.689270e-18
51	51	8.151660e-18
52	52	8.596940e-18
53	53	5.754940e-18
54	54	7.116490e-18
55	55	7.456110e-18
56	56	2.789130e-17
57	57	1.745130e-17
58	58	2.788120e-17
59	59	1.745130e-17
