1	1	2.243770e-18
2	2	9.336590e-18
3	3	2.719540e-18
4	4	4.438550e-18
5	5	2.068230e-17
6	6	2.996170e-17
7	7	2.002520e-17
8	8	6.285800e-18
9	9	1.000000e-18
10	10	2.348460e-17
11	11	6.423090e-18
12	12	1.350106e-18
13	13	2.427330e-17
14	14	1.000000e-18
15	15	3.055860e-17
16	16	2.767700e-18
17	17	9.302600e-18
18	18	1.528891e-18
19	19	3.327120e-17
20	20	7.188700e-17
21	21	9.028440e-18
22	22	1.628440e-16
23	23	8.233640e-18
24	24	6.371910e-17
25	25	2.795440e-16
26	26	4.901300e-17
27	27	8.934020e-18
28	28	4.056580e-17
29	29	1.750260e-16
30	30	1.136390e-17
31	31	1.137200e-17
32	32	1.133890e-17
33	33	1.145700e-17
34	34	1.517640e-17
35	35	2.065110e-17
36	36	1.014220e-17
37	37	7.201670e-18
38	38	4.544370e-18
39	39	1.885270e-17
