1	1	8.025470e-19
2	2	9.197380e-18
3	3	1.696958e-18
4	4	2.004290e-18
5	5	2.047520e-17
6	6	2.926110e-17
7	7	1.881430e-17
8	8	1.837408e-18
9	9	2.926270e-18
10	10	4.705730e-18
11	11	8.568810e-18
12	12	4.503260e-18
13	13	8.814830e-18
14	14	3.903670e-18
15	15	2.051100e-17
16	16	2.374150e-16
17	17	2.007950e-17
18	18	2.428920e-17
19	19	1.149930e-18
20	20	2.461800e-17
21	21	1.358528e-18
22	22	2.438230e-17
23	23	2.424100e-17
24	24	3.843140e-18
25	25	3.593940e-16
26	26	9.223510e-18
27	27	2.090710e-17
28	28	4.315960e-16
29	29	8.017210e-18
30	30	4.181200e-18
31	31	1.210010e-16
32	32	6.679140e-17
33	33	8.501030e-18
34	34	8.283620e-18
35	35	5.886770e-18
36	36	3.794530e-17
37	37	3.916750e-17
38	38	4.490040e-17
39	39	5.886600e-17
40	40	2.394210e-17
41	41	3.682400e-16
42	42	6.988040e-17
43	43	1.000000e-18
44	44	6.944760e-17
45	45	1.000000e-18
46	46	6.691950e-18
47	47	1.997929e-18
48	48	2.341260e-15
49	49	2.714030e-18
50	50	7.477770e-18
51	51	1.303200e-17
52	52	1.137200e-17
53	53	1.137200e-17
54	54	1.145700e-17
55	55	1.145700e-17
56	56	1.713870e-17
57	57	2.040430e-17
58	58	2.246940e-17
59	59	2.634220e-17
60	60	9.060270e-17
61	61	2.250210e-17
62	62	2.924020e-17
63	63	1.764820e-17
