1	1	1.448540e-18
2	2	7.980720e-18
3	3	2.709880e-18
4	4	1.909950e-17
5	5	4.438550e-18
6	6	2.014490e-17
7	7	1.000000e-18
8	8	3.212080e-17
9	9	7.663190e-18
10	10	1.000000e-18
11	11	2.420580e-17
12	12	8.456110e-18
13	13	1.554718e-18
14	14	2.564900e-17
15	15	3.963630e-18
16	16	9.611790e-18
17	17	1.622575e-18
18	18	2.478930e-17
19	19	1.097320e-16
20	20	9.247930e-18
21	21	9.841050e-17
22	22	8.444030e-17
23	23	1.250170e-17
24	24	2.659560e-16
25	25	1.961540e-16
26	26	6.469680e-17
27	27	3.303110e-17
28	28	3.288860e-17
29	29	3.836750e-17
30	30	1.086899e-17
31	31	1.137200e-17
32	32	1.137560e-17
33	33	1.145700e-17
34	34	1.134200e-17
35	35	1.517430e-17
36	36	2.064890e-17
37	37	8.624440e-18
38	38	2.788120e-17
39	39	1.745130e-17
