1	1	2.964290e-16
2	2	2.338530e-18
3	3	4.438550e-18
4	4	1.989600e-17
5	5	1.622290e-17
6	6	2.615100e-18
7	7	2.557880e-17
8	8	2.886390e-18
9	9	3.369630e-18
10	10	2.529010e-17
11	11	4.867060e-18
12	12	3.141160e-16
13	13	3.051650e-17
14	14	2.847750e-17
15	15	3.067690e-16
16	16	8.721370e-18
17	17	2.473310e-16
18	18	5.989220e-17
19	19	8.285380e-17
20	20	4.392530e-17
21	21	1.040440e-16
22	22	6.295150e-17
23	23	1.217270e-15
24	24	1.809520e-17
25	25	3.719620e-17
26	26	2.431110e-18
27	27	4.135270e-18
28	28	1.146000e-17
29	29	1.146000e-17
30	30	3.503620e-17
31	31	3.511530e-17
32	32	1.507940e-17
33	33	2.053040e-17
34	34	9.638160e-18
35	35	1.565280e-17
36	36	2.775210e-17
37	37	1.745130e-17
