1	1	2.243770e-18
2	2	9.371070e-18
3	3	2.709060e-18
4	4	4.438550e-18
5	5	1.989600e-17
6	6	1.919320e-17
7	7	1.000000e-18
8	8	2.400710e-17
9	9	2.897100e-18
10	10	1.647952e-18
11	11	2.593560e-17
12	12	3.176120e-18
13	13	1.243907e-18
14	14	2.544430e-17
15	15	1.683082e-18
16	16	9.588080e-18
17	17	1.211579e-18
18	18	2.479500e-17
19	19	9.434830e-18
20	20	9.310970e-17
21	21	9.101760e-18
22	22	1.360570e-16
23	23	8.048020e-17
24	24	1.092283e-17
25	25	3.710500e-17
26	26	1.154860e-16
27	27	1.669270e-16
28	28	2.181640e-17
29	29	2.168930e-17
30	30	3.388610e-17
31	31	9.398030e-18
32	32	1.137560e-17
33	33	1.137560e-17
34	34	1.145700e-17
35	35	1.134200e-17
36	36	1.517180e-17
37	37	2.064630e-17
38	38	2.788670e-17
39	39	1.744950e-17
