1	1	6.217790e-18
2	2	1.390450e-17
3	3	3.772060e-18
4	4	1.084810e-16
5	5	7.178560e-18
6	6	1.184280e-17
7	7	4.369380e-18
8	8	3.149560e-18
9	9	1.928790e-17
10	10	2.002020e-17
11	11	1.929280e-17
12	12	3.086530e-17
13	13	2.513750e-17
14	14	3.998350e-16
15	15	8.146710e-18
16	16	3.439410e-16
17	17	4.436800e-17
18	18	2.770350e-17
19	19	4.620690e-18
20	20	5.860500e-18
21	21	1.789010e-17
22	22	3.935310e-18
23	23	6.330350e-17
24	24	2.601160e-16
25	25	7.595980e-17
26	26	2.553330e-16
27	27	1.603260e-17
28	28	1.183740e-17
29	29	3.271610e-16
30	30	6.186240e-17
31	31	3.039170e-18
32	32	4.929870e-18
33	33	4.003760e-18
34	34	3.511530e-17
35	35	6.835620e-17
36	36	2.010690e-17
37	37	2.087730e-17
38	38	2.026850e-17
39	39	2.634220e-17
40	40	5.608270e-18
41	41	1.909310e-17
42	42	1.747920e-17
43	43	1.907350e-17
44	44	1.746900e-17
