1	1	2.243770e-18
2	2	9.341540e-18
3	3	2.709060e-18
4	4	1.919320e-17
5	5	4.438550e-18
6	6	1.989600e-17
7	7	5.643490e-18
8	8	2.188720e-17
9	9	2.139910e-17
10	10	3.529760e-18
11	11	3.243770e-18
12	12	9.352670e-18
13	13	2.709060e-18
14	14	1.919320e-17
15	15	4.438550e-18
16	16	1.989600e-17
17	17	1.628440e-16
18	18	1.352310e-17
19	19	1.298030e-17
20	20	1.958740e-15
21	21	1.628440e-16
22	22	9.783220e-18
23	23	7.751870e-16
24	24	2.678760e-17
25	25	1.419700e-17
26	26	3.220360e-16
27	27	4.056580e-17
28	28	3.424160e-17
29	29	3.889710e-17
30	30	7.907260e-16
31	31	4.444340e-16
32	32	1.747910e-17
33	33	2.305930e-16
34	34	1.332940e-17
35	35	2.566430e-17
36	36	1.349870e-17
37	37	8.606910e-18
38	38	4.056580e-17
39	39	1.114220e-17
40	40	5.305990e-18
41	41	8.220660e-18
42	42	5.361250e-18
43	43	1.114220e-17
44	44	1.137200e-17
45	45	1.145700e-17
46	46	1.517180e-17
47	47	1.517180e-17
48	48	2.064630e-17
49	49	2.064630e-17
50	50	1.222460e-17
51	51	1.501890e-17
52	52	2.443240e-16
53	53	7.667900e-18
54	54	1.297480e-17
55	55	1.096180e-16
56	56	7.201670e-18
57	57	8.627280e-18
58	58	7.437610e-18
59	59	1.651190e-16
60	60	1.981390e-17
61	61	4.544370e-18
62	62	2.788670e-17
63	63	1.744950e-17
64	64	6.632850e-18
65	65	8.151660e-18
66	66	6.197700e-18
67	67	7.128200e-18
68	68	7.369860e-18
69	69	2.788670e-17
70	70	1.744950e-17
