1	1	2.243770e-18
2	2	9.371070e-18
3	3	2.646320e-18
4	4	4.438550e-18
5	5	1.989600e-17
6	6	1.763390e-17
7	7	1.000000e-18
8	8	2.429010e-17
9	9	6.656460e-18
10	10	1.319861e-18
11	11	2.404440e-17
12	12	8.456110e-18
13	13	1.554718e-18
14	14	2.564900e-17
15	15	3.963630e-18
16	16	9.631560e-18
17	17	1.622575e-18
18	18	2.478930e-17
19	19	9.478270e-18
20	20	1.099800e-16
21	21	9.247930e-18
22	22	1.628440e-16
23	23	9.770800e-17
24	24	1.480680e-17
25	25	5.482700e-17
26	26	1.939880e-16
27	27	2.680260e-16
28	28	3.288860e-17
29	29	3.303110e-17
30	30	4.056580e-17
31	31	1.137200e-17
32	32	1.137560e-17
33	33	1.145700e-17
34	34	1.134200e-17
35	35	1.493290e-17
36	36	2.064890e-17
37	37	1.014220e-17
38	38	2.789130e-17
39	39	1.745130e-17
