1	1	2.255780e-18
2	2	2.709060e-18
3	3	4.217490e-18
4	4	1.541560e-17
5	5	1.919320e-17
6	6	5.305990e-18
7	7	2.139910e-17
8	8	3.529760e-18
9	9	9.761000e-18
10	10	1.339370e-17
11	11	1.300740e-17
12	12	2.334670e-16
13	13	2.291670e-18
14	14	4.438550e-18
15	15	1.989600e-17
16	16	1.615400e-17
17	17	1.232490e-17
18	18	3.126900e-18
19	19	8.803160e-18
20	20	9.805790e-17
21	21	2.196250e-17
22	22	7.751870e-16
23	23	7.922890e-16
24	24	3.889710e-17
25	25	3.424160e-17
26	26	4.056580e-17
27	27	1.524930e-17
28	28	8.892360e-16
29	29	7.741420e-17
30	30	4.056580e-17
31	31	3.185970e-16
32	32	5.770680e-18
33	33	3.933010e-18
34	34	1.137200e-17
35	35	1.145700e-17
36	36	1.517180e-17
37	37	1.517180e-17
38	38	2.064090e-17
39	39	2.064630e-17
40	40	1.014220e-17
41	41	7.357840e-18
42	42	1.674700e-17
43	43	1.271710e-17
44	44	6.276210e-18
45	45	2.249510e-18
46	46	1.096180e-16
47	47	1.297480e-17
48	48	1.981390e-17
49	49	7.667900e-18
50	50	1.742740e-16
51	51	8.151660e-18
52	52	2.747210e-17
53	53	1.744950e-17
54	54	2.611060e-16
55	55	6.632850e-18
56	56	6.197700e-18
57	57	7.128200e-18
58	58	8.627280e-18
59	59	7.369860e-18
60	60	2.778750e-17
61	61	1.777560e-17
