1	1	2.745740e-18
2	2	2.142530e-17
3	3	9.692670e-18
4	4	1.339370e-17
5	5	1.300740e-17
6	6	2.579450e-18
7	7	5.625900e-18
8	8	8.647590e-18
9	9	1.934160e-17
10	10	1.529010e-15
11	11	6.974670e-18
12	12	2.561320e-16
13	13	1.354860e-17
14	14	2.198890e-17
15	15	2.465080e-17
16	16	1.435160e-17
17	17	2.031270e-16
18	18	2.727630e-17
19	19	1.876850e-17
20	20	3.838490e-16
21	21	1.281570e-17
22	22	1.110410e-17
23	23	1.129880e-16
24	24	2.430640e-18
25	25	4.109400e-18
26	26	5.454530e-16
27	27	1.137200e-17
28	28	1.145700e-17
29	29	2.026850e-17
30	30	2.641310e-17
31	31	1.718400e-17
32	32	1.126120e-17
33	33	2.024710e-18
34	34	6.838550e-18
35	35	3.594310e-18
36	36	2.133450e-18
37	37	1.835600e-17
38	38	1.867760e-17
