1	1	1.581430e-18
2	2	4.401630e-18
3	3	2.016330e-17
4	4	2.720430e-16
5	5	2.301360e-18
6	6	1.562890e-16
7	7	2.033970e-18
8	8	2.513430e-17
9	9	2.582640e-17
10	10	1.941680e-16
11	11	7.797510e-18
12	12	1.943760e-17
13	13	3.608240e-17
14	14	1.201420e-16
15	15	1.759120e-16
16	16	8.079070e-17
17	17	5.547100e-18
18	18	5.308940e-18
19	19	5.454530e-16
20	20	4.668250e-16
21	21	7.770310e-18
22	22	3.749640e-18
23	23	7.225730e-18
24	24	1.137560e-17
25	25	1.137560e-17
26	26	1.146000e-17
27	27	1.147320e-17
28	28	2.026850e-17
29	29	2.641580e-17
30	30	9.576990e-18
31	31	1.755430e-16
32	32	1.586800e-17
33	33	1.835600e-17
34	34	2.033680e-17
