1	1	4.413140e-18
2	2	2.139910e-17
3	3	3.529760e-18
4	4	3.219010e-18
5	5	8.916950e-18
6	6	3.840180e-18
7	7	2.646020e-18
8	8	2.598180e-17
9	9	1.802350e-17
10	10	1.352310e-17
11	11	1.300740e-17
12	12	1.405870e-17
13	13	1.608620e-16
14	14	9.134320e-18
15	15	2.196250e-17
16	16	9.636890e-18
17	17	8.220930e-17
18	18	1.004494e-17
19	19	3.114180e-17
20	20	2.811560e-17
21	21	7.131540e-17
22	22	5.770680e-18
23	23	8.335430e-17
24	24	1.109021e-18
25	25	1.137200e-17
26	26	1.137560e-17
27	27	1.145700e-17
28	28	1.145700e-17
