1	1	2.243770e-18
2	2	9.341510e-18
3	3	2.709060e-18
4	4	4.438550e-18
5	5	1.989600e-17
6	6	1.919320e-17
7	7	5.236460e-18
8	8	4.424310e-17
9	9	1.863695e-18
10	10	8.219040e-18
11	11	3.592390e-18
12	12	2.776470e-18
13	13	1.934080e-17
14	14	1.957660e-17
15	15	1.441640e-17
16	16	3.086530e-17
17	17	2.513750e-17
18	18	3.279680e-16
19	19	6.792980e-16
20	20	3.386500e-16
21	21	7.639460e-18
22	22	1.429070e-16
23	23	1.853650e-17
24	24	7.595980e-17
25	25	3.795290e-18
26	26	2.196790e-16
27	27	1.246880e-17
28	28	1.543970e-17
29	29	2.057050e-16
30	30	1.569890e-16
31	31	4.674580e-16
32	32	4.056580e-17
33	33	2.479650e-16
34	34	4.073860e-18
35	35	4.929870e-18
36	36	7.536870e-18
37	37	6.906360e-18
38	38	3.219350e-17
39	39	3.511530e-17
40	40	6.835620e-17
41	41	1.517180e-17
42	42	2.024990e-17
43	43	2.064630e-17
44	44	2.636900e-17
45	45	1.014220e-17
46	46	1.214090e-17
47	47	1.769080e-17
48	48	1.588050e-17
49	49	2.944670e-17
50	50	7.129800e-18
51	51	1.479180e-17
52	52	3.686210e-18
53	53	3.325920e-17
54	54	2.917230e-18
55	55	2.470140e-17
56	56	1.837450e-17
57	57	6.649990e-18
58	58	2.788670e-17
59	59	1.744950e-17
