1	1	1.352710e+01
2	1	-9.090909e-02
30	1	-6.218093e+00
75	1	-6.218093e+00
1	2	-9.090909e-02
2	2	2.024529e+01
80	2	-2.015438e+01
3	3	5.848028e+00
4	3	-9.090909e-02
76	3	-5.757119e+00
3	4	-9.090909e-02
4	4	1.010222e+01
94	4	-1.001131e+01
5	5	5.844351e+00
63	5	-5.753442e+00
95	5	-9.090909e-02
6	6	1.002495e+01
59	6	-1.363637e-02
95	6	-1.001131e+01
7	7	7.342173e+00
8	7	-9.090909e-02
62	7	-7.251264e+00
7	8	-9.090909e-02
8	8	4.013608e+01
79	8	-4.004517e+01
9	9	7.362420e+00
19	9	-7.271511e+00
93	9	-9.090909e-02
10	10	1.169722e+01
70	10	-5.803157e+00
73	10	-5.803157e+00
92	10	-9.090909e-02
11	11	1.252710e+01
12	11	-9.090909e-02
32	11	-6.218093e+00
65	11	-6.218093e+00
11	12	-9.090909e-02
12	12	2.024529e+01
78	12	-2.015438e+01
13	13	5.848028e+00
14	13	-9.090909e-02
66	13	-5.757119e+00
13	14	-9.090909e-02
14	14	1.010222e+01
88	14	-1.001131e+01
15	15	5.844351e+00
60	15	-5.753442e+00
89	15	-9.090909e-02
16	16	1.002495e+01
57	16	-1.363637e-02
89	16	-1.001131e+01
17	17	5.107809e+00
47	17	-2.183096e-02
51	17	-5.085978e+00
18	18	9.019882e+00
43	18	-1.158757e-01
80	18	-8.904006e+00
9	19	-7.271511e+00
19	19	9.612116e+00
91	19	-2.340605e+00
20	20	1.002825e+01
79	20	-7.271511e+00
90	20	-2.756735e+00
21	21	9.019882e+00
39	21	-1.158757e-01
78	21	-8.904006e+00
22	22	5.258287e+00
42	22	-1.723086e-01
92	22	-5.085978e+00
23	23	6.266157e+00
55	23	-6.218093e+00
77	23	-4.806329e-02
24	24	3.319730e+00
74	24	-2.037315e+00
75	24	-1.282415e+00
25	25	5.768452e+00
61	25	-3.761746e+00
72	25	-2.006706e+00
26	26	2.430294e+00
69	26	-2.020280e+00
70	26	-4.100142e-01
27	27	6.269204e+00
52	27	-6.218093e+00
68	27	-5.111063e-02
28	28	6.291090e+00
53	28	-6.218093e+00
67	28	-7.299643e-02
29	29	3.319730e+00
64	29	-2.037315e+00
65	29	-1.282415e+00
1	30	-6.218093e+00
30	30	7.250721e+00
63	30	-1.032628e+00
31	31	9.484065e+01
71	31	-8.757258e+01
93	31	-7.268076e+00
11	32	-6.218093e+00
32	32	7.250721e+00
60	32	-1.032628e+00
33	33	9.090909e-03
91	33	-9.090909e-03
34	34	9.090909e-03
90	34	-9.090909e-03
35	35	2.480362e-02
84	35	-2.480362e-02
36	36	2.480362e-02
83	36	-2.480362e-02
37	37	1.082251e-02
82	37	-1.082251e-02
38	38	1.082251e-02
81	38	-1.082251e-02
21	39	-1.158757e-01
39	39	5.709405e+00
45	39	-5.593529e+00
40	40	1.222007e+01
45	40	-6.059247e+00
85	40	-6.160822e+00
41	41	4.004277e+00
42	41	-3.056580e+00
46	41	-9.476966e-01
22	42	-1.723086e-01
41	42	-3.056580e+00
42	42	3.228889e+00
18	43	-1.158757e-01
43	43	5.709405e+00
48	43	-5.593529e+00
44	44	1.222007e+01
48	44	-6.059247e+00
86	44	-6.160822e+00
39	45	-5.593529e+00
40	45	-6.059247e+00
45	45	1.165278e+01
41	46	-9.476966e-01
46	46	6.033675e+00
49	46	-5.085978e+00
17	47	-2.183096e-02
47	47	5.107809e+00
87	47	-5.085978e+00
43	48	-5.593529e+00
44	48	-6.059247e+00
48	48	1.165278e+01
46	49	-5.085978e+00
49	49	5.176888e+00
50	49	-9.090909e-02
49	50	-9.090909e-02
50	50	6.309002e+00
68	50	-6.218093e+00
17	51	-5.085978e+00
51	51	5.176888e+00
52	51	-9.090909e-02
27	52	-6.218093e+00
51	52	-9.090909e-02
52	52	1.252710e+01
67	52	-6.218093e+00
28	53	-6.218093e+00
53	53	6.309002e+00
85	53	-9.090909e-02
54	54	6.309002e+00
77	54	-6.218093e+00
86	54	-9.090909e-02
23	55	-6.218093e+00
55	55	6.309002e+00
87	55	-9.090909e-02
56	56	2.080483e-02
83	56	-7.168459e-03
88	56	-1.363637e-02
16	57	-1.363637e-02
57	57	3.123169e-02
81	57	-1.759532e-02
58	58	2.080483e-02
84	58	-7.168459e-03
94	58	-1.363637e-02
6	59	-1.363637e-02
59	59	3.123169e-02
82	59	-1.759532e-02
15	60	-5.753442e+00
32	60	-1.032628e+00
60	60	6.786070e+00
25	61	-3.761746e+00
61	61	9.133432e+01
62	61	-8.757258e+01
7	62	-7.251264e+00
61	62	-8.757258e+01
62	62	9.482384e+01
5	63	-5.753442e+00
30	63	-1.032628e+00
63	63	6.786070e+00
29	64	-2.037315e+00
64	64	2.447330e+00
66	64	-4.100142e-01
11	65	-6.218093e+00
29	65	-1.282415e+00
65	65	7.500508e+00
13	66	-5.757119e+00
64	66	-4.100142e-01
66	66	6.167133e+00
28	67	-7.299643e-02
52	67	-6.218093e+00
67	67	6.291090e+00
27	68	-5.111063e-02
50	68	-6.218093e+00
68	68	6.269204e+00
26	69	-2.020280e+00
69	69	4.990080e+00
71	69	-2.969800e+00
10	70	-5.803157e+00
26	70	-4.100142e-01
70	70	6.213171e+00
31	71	-8.757258e+01
69	71	-2.969800e+00
71	71	9.054238e+01
25	72	-2.006706e+00
72	72	2.456399e+00
73	72	-4.496929e-01
10	73	-5.803157e+00
72	73	-4.496929e-01
73	73	6.252850e+00
24	74	-2.037315e+00
74	74	2.447330e+00
76	74	-4.100142e-01
1	75	-6.218093e+00
24	75	-1.282415e+00
75	75	7.500508e+00
3	76	-5.757119e+00
74	76	-4.100142e-01
76	76	6.167133e+00
23	77	-4.806329e-02
54	77	-6.218093e+00
77	77	6.266157e+00
12	78	-2.015438e+01
21	78	-8.904006e+00
78	78	2.905839e+01
8	79	-4.004517e+01
20	79	-7.271511e+00
79	79	4.731668e+01
2	80	-2.015438e+01
18	80	-8.904006e+00
80	80	2.905839e+01
38	81	-1.082251e-02
57	81	-1.759532e-02
81	81	2.841783e-02
37	82	-1.082251e-02
59	82	-1.759532e-02
82	82	2.841783e-02
36	83	-2.480362e-02
56	83	-7.168459e-03
83	83	3.197208e-02
35	84	-2.480362e-02
58	84	-7.168459e-03
84	84	3.197208e-02
40	85	-6.160822e+00
53	85	-9.090909e-02
85	85	6.251731e+00
44	86	-6.160822e+00
54	86	-9.090909e-02
86	86	6.251731e+00
47	87	-5.085978e+00
55	87	-9.090909e-02
87	87	5.176888e+00
14	88	-1.001131e+01
56	88	-1.363637e-02
88	88	1.002495e+01
15	89	-9.090909e-02
16	89	-1.001131e+01
89	89	1.010222e+01
20	90	-2.756735e+00
34	90	-9.090909e-03
90	90	2.765826e+00
19	91	-2.340605e+00
33	91	-9.090909e-03
91	91	2.349696e+00
10	92	-9.090909e-02
22	92	-5.085978e+00
92	92	5.176888e+00
9	93	-9.090909e-02
31	93	-7.268076e+00
93	93	7.358985e+00
4	94	-1.001131e+01
58	94	-1.363637e-02
94	94	1.002495e+01
5	95	-9.090909e-02
6	95	-1.001131e+01
95	95	1.010222e+01
