1	1	2.243770e-18
2	2	9.341540e-18
3	3	2.709060e-18
4	4	4.438550e-18
5	5	1.989600e-17
6	6	1.919320e-17
7	7	3.780000e-18
8	8	2.139910e-17
9	9	2.529340e-18
10	10	3.243770e-18
11	11	9.341540e-18
12	12	2.709060e-18
13	13	4.438550e-18
14	14	1.989600e-17
15	15	1.919320e-17
16	16	5.782980e-18
17	17	7.119510e-18
18	18	8.571070e-16
19	19	1.628440e-16
20	20	1.352320e-17
21	21	1.300740e-17
22	22	1.628440e-16
23	23	2.196250e-17
24	24	9.614830e-18
25	25	1.087550e-16
26	26	1.334760e-17
27	27	3.288270e-16
28	28	4.056580e-17
29	29	3.061680e-17
30	30	2.676850e-17
31	31	1.989930e-16
32	32	2.769900e-16
33	33	4.056580e-17
34	34	4.220310e-18
35	35	1.137200e-17
36	36	1.145700e-17
37	37	1.517180e-17
38	38	1.517180e-17
39	39	2.064630e-17
40	40	2.064630e-17
41	41	1.014220e-17
42	42	1.014220e-17
43	43	7.201670e-18
44	44	7.437980e-18
45	45	7.201670e-18
46	46	7.437610e-18
47	47	4.544370e-18
48	48	1.981390e-17
49	49	4.544370e-18
50	50	8.689270e-18
51	51	8.151660e-18
52	52	8.596940e-18
53	53	7.116490e-18
54	54	7.128200e-18
55	55	7.456110e-18
56	56	2.788670e-17
57	57	1.744950e-17
58	58	2.788670e-17
59	59	1.744950e-17
