1	1	8.025470e-19
2	2	9.345990e-18
3	3	1.555447e-18
4	4	1.897280e-18
5	5	2.047520e-17
6	6	2.926220e-17
7	7	1.881430e-17
8	8	1.838524e-18
9	9	2.926270e-18
10	10	4.705730e-18
11	11	9.114790e-18
12	12	4.503260e-18
13	13	8.814830e-18
14	14	3.903670e-18
15	15	2.091720e-17
16	16	2.777680e-16
17	17	2.008260e-17
18	18	2.417510e-17
19	19	1.149930e-18
20	20	2.461800e-17
21	21	1.358528e-18
22	22	2.438230e-17
23	23	2.424100e-17
24	24	3.843140e-18
25	25	3.593940e-16
26	26	9.223510e-18
27	27	2.127780e-17
28	28	4.330780e-16
29	29	7.737250e-18
30	30	4.181200e-18
31	31	1.256200e-16
32	32	6.679200e-17
33	33	9.004110e-18
34	34	9.953270e-17
35	35	1.225190e-17
36	36	8.437610e-18
37	37	5.886770e-18
38	38	3.794530e-17
39	39	3.916750e-17
40	40	4.488540e-17
41	41	5.926830e-17
42	42	2.543460e-17
43	43	3.678470e-16
44	44	7.071590e-17
45	45	1.000000e-18
46	46	6.944760e-17
47	47	1.000000e-18
48	48	7.078600e-18
49	49	1.997929e-18
50	50	8.864330e-16
51	51	2.568780e-18
52	52	8.710680e-18
53	53	1.657570e-17
54	54	1.137200e-17
55	55	1.137200e-17
56	56	1.145700e-17
57	57	1.145700e-17
58	58	1.713870e-17
59	59	2.040700e-17
60	60	2.246940e-17
61	61	2.634480e-17
62	62	1.137520e-17
63	63	9.060270e-17
64	64	2.924020e-17
65	65	5.314840e-18
66	66	1.764940e-17
