1	1	1.535310e-18
2	2	1.934080e-17
3	3	4.637880e-18
4	4	1.874470e-17
5	5	2.106560e-16
6	6	2.301360e-18
7	7	1.579310e-16
8	8	2.053660e-18
9	9	2.518870e-17
10	10	2.582640e-17
11	11	4.291440e-17
12	12	9.009200e-18
13	13	7.379580e-18
14	14	1.882350e-17
15	15	4.546420e-16
16	16	2.721570e-17
17	17	1.148870e-16
18	18	1.759120e-16
19	19	8.178250e-17
20	20	3.008030e-17
21	21	6.075950e-18
22	22	1.368340e-16
23	23	2.457550e-17
24	24	8.249600e-16
25	25	5.237460e-18
26	26	5.308940e-18
27	27	4.715090e-18
28	28	7.328590e-18
29	29	7.833390e-18
30	30	1.137560e-17
31	31	1.137560e-17
32	32	1.146000e-17
33	33	1.147320e-17
34	34	2.026850e-17
35	35	2.640400e-17
36	36	3.788420e-18
37	37	1.886830e-17
