1	1	1.352710e+01
2	1	-9.090909e-02
64	1	-6.218093e+00
74	1	-6.218093e+00
1	2	-9.090909e-02
2	2	2.024529e+01
95	2	-2.015438e+01
3	3	5.848028e+00
75	3	-5.757119e+00
117	3	-9.090909e-02
4	4	5.844351e+00
5	4	-9.090909e-02
55	4	-5.753442e+00
4	5	-9.090909e-02
5	5	1.010222e+01
116	5	-1.001131e+01
6	6	1.002495e+01
60	6	-1.363637e-02
117	6	-1.001131e+01
7	7	6.309002e+00
76	7	-6.218093e+00
115	7	-9.090909e-02
8	8	6.309002e+00
40	8	-6.218093e+00
114	8	-9.090909e-02
9	9	6.309002e+00
10	9	-9.090909e-02
72	9	-6.218093e+00
9	10	-9.090909e-02
10	10	5.113032e+00
31	10	-5.022122e+00
11	11	1.164245e+01
12	11	-9.090909e-02
67	11	-5.775773e+00
71	11	-5.775773e+00
11	12	-9.090909e-02
12	12	5.072279e+00
27	12	-4.981370e+00
13	13	5.866682e+00
43	13	-5.775773e+00
113	13	-9.090909e-02
14	14	2.976540e-02
15	14	-1.363637e-02
62	14	-1.612903e-02
14	15	-1.363637e-02
15	15	6.647532e+00
91	15	-6.633895e+00
16	16	3.123169e-02
63	16	-1.759532e-02
110	16	-1.363637e-02
17	17	8.849164e+00
104	17	-8.758255e+00
109	17	-9.090909e-02
18	18	9.769249e+00
19	18	-9.090909e-02
45	18	-4.839170e+00
87	18	-4.839170e+00
18	19	-9.090909e-02
19	19	9.454906e+00
106	19	-9.363997e+00
20	20	1.186263e+01
21	20	-9.090909e-02
66	20	-6.691604e+00
81	20	-5.080113e+00
20	21	-9.090909e-02
21	21	8.849164e+00
103	21	-8.758255e+00
22	22	9.454906e+00
105	22	-9.363997e+00
108	22	-9.090909e-02
23	23	1.192341e+01
84	23	-5.916250e+00
86	23	-5.916250e+00
107	23	-9.090909e-02
24	24	1.471024e+00
25	24	-5.167585e-02
56	24	-1.419348e+00
24	25	-5.167585e-02
25	25	5.137654e+00
107	25	-5.085978e+00
26	26	5.507085e+00
34	26	-5.257154e-01
115	26	-4.981370e+00
12	27	-4.981370e+00
27	27	5.024930e+00
97	27	-4.356046e-02
28	28	5.099482e+00
102	28	-1.181123e-01
115	28	-4.981370e+00
29	29	1.166036e+01
57	29	-5.601111e+00
58	29	-6.059247e+00
30	30	9.019882e+00
57	30	-1.158757e-01
95	30	-8.904006e+00
10	31	-5.022122e+00
31	31	5.337084e+00
94	31	-3.149616e-01
32	32	5.147191e+00
92	32	-6.121225e-02
113	32	-5.085978e+00
33	33	3.227457e+00
34	33	-3.102218e+00
59	33	-1.252387e-01
26	34	-5.257154e-01
33	34	-3.102218e+00
34	34	3.627933e+00
35	35	4.429515e+00
85	35	-1.437447e+00
87	35	-2.992068e+00
36	36	5.797546e-01
83	36	-1.945718e-01
84	36	-3.851828e-01
37	37	2.412797e+00
65	37	-2.237222e-01
78	37	-2.189075e+00
38	38	3.181135e-01
56	38	-1.818182e-01
77	38	-1.362953e-01
39	39	3.305100e+00
77	39	-1.818182e-01
89	39	-3.123282e+00
8	40	-6.218093e+00
40	40	6.384543e+00
76	40	-1.664492e-01
41	41	2.447330e+00
73	41	-2.037315e+00
75	41	-4.100142e-01
42	42	2.111804e+00
70	42	-2.051000e+00
72	42	-6.080395e-02
13	43	-5.775773e+00
43	43	5.935285e+00
67	43	-1.595118e-01
44	44	1.505796e+01
88	44	-4.111352e+00
109	44	-1.094661e+01
18	45	-4.839170e+00
45	45	4.924658e+00
88	45	-8.548762e-02
46	46	1.505796e+01
79	46	-4.111352e+00
108	46	-1.094661e+01
47	47	9.090909e-03
106	47	-9.090909e-03
48	48	9.090909e-03
105	48	-9.090909e-03
49	49	9.090909e-03
104	49	-9.090909e-03
50	50	9.090909e-03
103	50	-9.090909e-03
51	51	2.480362e-02
112	51	-2.480362e-02
52	52	1.240182e-02
63	52	-1.240182e-02
53	53	1.082251e-02
111	53	-1.082251e-02
54	54	5.411255e-03
62	54	-5.411255e-03
4	55	-5.753442e+00
55	55	6.798372e+00
64	55	-1.044930e+00
24	56	-1.419348e+00
38	56	-1.818182e-01
56	56	1.601166e+00
29	57	-5.601111e+00
30	57	-1.158757e-01
57	57	5.716987e+00
29	58	-6.059247e+00
58	58	1.222007e+01
114	58	-6.160822e+00
33	59	-1.252387e-01
59	59	3.278390e+00
89	59	-3.153152e+00
6	60	-1.363637e-02
60	60	2.080483e-02
112	60	-7.168459e-03
61	61	3.123169e-02
111	61	-1.759532e-02
116	61	-1.363637e-02
14	62	-1.612903e-02
54	62	-5.411255e-03
62	62	2.154029e-02
16	63	-1.759532e-02
52	63	-1.240182e-02
63	63	2.999714e-02
1	64	-6.218093e+00
55	64	-1.044930e+00
64	64	7.263023e+00
37	65	-2.237222e-01
65	65	8.654820e+01
66	65	-8.632448e+01
20	66	-6.691604e+00
65	66	-8.632448e+01
66	66	9.301608e+01
11	67	-5.775773e+00
43	67	-1.595118e-01
67	67	5.935285e+00
68	68	2.145476e+00
69	68	-2.051000e+00
70	68	-9.447599e-02
68	69	-2.051000e+00
69	69	2.289592e+00
71	69	-2.385917e-01
42	70	-2.051000e+00
68	70	-9.447599e-02
70	70	2.145476e+00
11	71	-5.775773e+00
69	71	-2.385917e-01
71	71	6.014365e+00
9	72	-6.218093e+00
42	72	-6.080395e-02
72	72	6.278897e+00
41	73	-2.037315e+00
73	73	3.304632e+00
74	73	-1.267316e+00
1	74	-6.218093e+00
73	74	-1.267316e+00
74	74	7.485410e+00
3	75	-5.757119e+00
41	75	-4.100142e-01
75	75	6.167133e+00
7	76	-6.218093e+00
40	76	-1.664492e-01
76	76	6.384543e+00
38	77	-1.362953e-01
39	77	-1.818182e-01
77	77	3.181135e-01
37	78	-2.189075e+00
78	78	2.619751e+00
79	78	-4.306762e-01
46	79	-4.111352e+00
78	79	-4.306762e-01
79	79	4.542028e+00
80	80	5.748737e+01
81	80	-5.273677e+01
82	80	-4.750594e+00
20	81	-5.080113e+00
80	81	-5.273677e+01
81	81	5.781689e+01
80	82	-4.750594e+00
82	82	6.188040e+00
83	82	-1.437447e+00
36	83	-1.945718e-01
82	83	-1.437447e+00
83	83	1.632018e+00
23	84	-5.916250e+00
36	84	-3.851828e-01
84	84	6.301432e+00
35	85	-1.437447e+00
85	85	1.564060e+00
86	85	-1.266139e-01
23	86	-5.916250e+00
85	86	-1.266139e-01
86	86	6.042863e+00
18	87	-4.839170e+00
35	87	-2.992068e+00
87	87	7.831238e+00
44	88	-4.111352e+00
45	88	-8.548762e-02
88	88	4.196839e+00
39	89	-3.123282e+00
59	89	-3.153152e+00
89	89	6.276434e+00
90	90	7.158580e+00
91	90	-3.917835e+00
92	90	-3.240745e+00
15	91	-6.633895e+00
90	91	-3.917835e+00
91	91	1.055173e+01
32	92	-6.121225e-02
90	92	-3.240745e+00
92	92	3.301957e+00
93	93	8.105876e+00
94	93	-1.412928e+00
110	93	-6.692948e+00
31	94	-3.149616e-01
93	94	-1.412928e+00
94	94	1.727890e+00
2	95	-2.015438e+01
30	95	-8.904006e+00
95	95	2.905839e+01
96	96	5.641853e+00
97	96	-4.509786e+00
98	96	-1.132067e+00
27	97	-4.356046e-02
96	97	-4.509786e+00
97	97	4.553347e+00
96	98	-1.132067e+00
98	98	4.702883e+00
99	98	-3.570816e+00
98	99	-3.570816e+00
99	99	5.292102e+00
100	99	-1.721286e+00
99	100	-1.721286e+00
100	100	5.887241e+00
101	100	-4.165955e+00
100	101	-4.165955e+00
101	101	1.661870e+01
102	101	-1.245274e+01
28	102	-1.181123e-01
101	102	-1.245274e+01
102	102	1.257085e+01
21	103	-8.758255e+00
50	103	-9.090909e-03
103	103	8.767346e+00
17	104	-8.758255e+00
49	104	-9.090909e-03
104	104	8.767346e+00
22	105	-9.363997e+00
48	105	-9.090909e-03
105	105	9.373088e+00
19	106	-9.363997e+00
47	106	-9.090909e-03
106	106	9.373088e+00
23	107	-9.090909e-02
25	107	-5.085978e+00
107	107	5.176888e+00
22	108	-9.090909e-02
46	108	-1.094661e+01
108	108	1.103752e+01
17	109	-9.090909e-02
44	109	-1.094661e+01
109	109	1.103752e+01
16	110	-1.363637e-02
93	110	-6.692948e+00
110	110	6.706584e+00
53	111	-1.082251e-02
61	111	-1.759532e-02
111	111	2.841783e-02
51	112	-2.480362e-02
60	112	-7.168459e-03
112	112	3.197208e-02
13	113	-9.090909e-02
32	113	-5.085978e+00
113	113	5.176888e+00
8	114	-9.090909e-02
58	114	-6.160822e+00
114	114	6.251731e+00
7	115	-9.090909e-02
26	115	-4.981370e+00
28	115	-4.981370e+00
115	115	1.005365e+01
5	116	-1.001131e+01
61	116	-1.363637e-02
116	116	1.002495e+01
3	117	-9.090909e-02
6	117	-1.001131e+01
117	117	1.010222e+01
