1	1	2.243770e-18
2	2	9.192940e-18
3	3	2.695450e-18
4	4	4.438550e-18
5	5	1.989600e-17
6	6	1.919320e-17
7	7	5.305990e-18
8	8	2.139910e-17
9	9	3.529760e-18
10	10	8.128200e-18
11	11	3.243770e-18
12	12	9.205430e-18
13	13	2.695450e-18
14	14	4.438550e-18
15	15	1.989600e-17
16	16	1.919320e-17
17	17	4.918910e-18
18	18	1.411890e-16
19	19	1.352320e-17
20	20	1.300740e-17
21	21	1.411890e-16
22	22	2.196250e-17
23	23	9.761000e-18
24	24	7.751870e-16
25	25	2.807970e-17
26	26	1.296310e-17
27	27	3.204140e-16
28	28	3.978600e-17
29	29	3.889710e-17
30	30	3.424160e-17
31	31	7.906670e-16
32	32	3.274550e-16
33	33	2.172850e-17
34	34	3.978600e-17
35	35	5.770680e-18
36	36	1.137200e-17
37	37	1.145700e-17
38	38	1.517180e-17
39	39	1.517180e-17
40	40	2.064630e-17
41	41	2.064630e-17
42	42	1.014220e-17
43	43	1.014220e-17
44	44	1.758630e-17
45	45	1.512260e-17
46	46	2.443240e-16
47	47	7.667900e-18
48	48	1.297480e-17
49	49	1.096180e-16
50	50	6.565960e-18
51	51	7.283620e-18
52	52	8.627280e-18
53	53	3.380490e-16
54	54	1.981390e-17
55	55	2.788670e-17
56	56	1.744950e-17
57	57	6.632850e-18
58	58	8.151660e-18
59	59	6.197700e-18
60	60	7.369860e-18
61	61	2.788670e-17
62	62	1.744950e-17
