1	1	2.243770e-18
2	2	9.192940e-18
3	3	2.696270e-18
4	4	4.438550e-18
5	5	1.989600e-17
6	6	1.919320e-17
7	7	5.225160e-18
8	8	2.162750e-17
9	9	3.357040e-18
10	10	3.243770e-18
11	11	9.192940e-18
12	12	2.709880e-18
13	13	4.438550e-18
14	14	1.989600e-17
15	15	1.919320e-17
16	16	8.456110e-18
17	17	8.128200e-18
18	18	8.116490e-18
19	19	6.556770e-18
20	20	8.589700e-16
21	21	4.918910e-18
22	22	1.411860e-16
23	23	1.296140e-17
24	24	1.264360e-17
25	25	1.436370e-17
26	26	4.918910e-18
27	27	1.411860e-16
28	28	2.194320e-17
29	29	9.783220e-18
30	30	9.277560e-17
31	31	1.389440e-17
32	32	2.783960e-16
33	33	3.978600e-17
34	34	3.889710e-17
35	35	3.424160e-17
36	36	2.069910e-16
37	37	3.081590e-16
38	38	3.978600e-17
39	39	5.770630e-18
40	40	1.137200e-17
41	41	1.145700e-17
42	42	1.517430e-17
43	43	1.517430e-17
44	44	2.064890e-17
45	45	2.064890e-17
46	46	1.014220e-17
47	47	1.014220e-17
48	48	6.541270e-18
49	49	7.196060e-18
50	50	6.565960e-18
51	51	7.080370e-18
52	52	8.485840e-18
53	53	8.151660e-18
54	54	8.596940e-18
55	55	5.754940e-18
56	56	2.788120e-17
57	57	1.745130e-17
58	58	2.788120e-17
59	59	1.745130e-17
