1	1	4.305990e-18
2	2	2.138740e-17
3	3	3.393070e-18
4	4	1.192330e-17
5	5	1.154200e-17
6	6	2.645870e-18
7	7	3.195550e-18
8	8	2.933250e-17
9	9	1.922110e-17
10	10	2.832970e-18
11	11	1.928210e-17
12	12	2.699690e-18
13	13	1.556810e-16
14	14	6.367360e-17
15	15	2.414170e-16
16	16	9.184590e-18
17	17	3.239620e-18
18	18	3.187020e-17
19	19	8.963250e-18
20	20	2.182310e-17
21	21	1.393940e-17
22	22	3.889710e-17
23	23	3.424160e-17
24	24	4.769520e-18
25	25	1.084687e-17
26	26	2.149760e-16
27	27	6.545070e-17
28	28	5.581740e-18
29	29	1.554240e-15
30	30	1.115610e-17
31	31	1.137200e-17
32	32	1.145700e-17
33	33	1.537650e-17
34	34	2.026850e-17
35	35	2.610590e-17
36	36	2.636850e-17
37	37	1.107230e-17
38	38	5.119900e-16
39	39	2.822720e-17
40	40	3.079460e-18
41	41	8.054840e-18
42	42	2.511640e-18
43	43	1.747920e-17
44	44	1.764630e-17
45	45	1.925650e-17
46	46	1.560420e-16
