1	1	2.243770e-18
2	2	2.709880e-18
3	3	1.919320e-17
4	4	4.438550e-18
5	5	1.989600e-17
6	6	5.146960e-18
7	7	1.863695e-18
8	8	3.592390e-18
9	9	1.853650e-17
10	10	1.838240e-17
11	11	1.921550e-17
12	12	2.645870e-18
13	13	1.922110e-17
14	14	2.066520e-18
15	15	7.540580e-18
16	16	2.933910e-17
17	17	4.003760e-18
18	18	4.929870e-18
19	19	3.917200e-17
20	20	2.513750e-17
21	21	3.385310e-16
22	22	8.219040e-18
23	23	1.821770e-16
24	24	9.341510e-18
25	25	4.182920e-17
26	26	7.650630e-18
27	27	3.867090e-16
28	28	2.321990e-16
29	29	1.543520e-17
30	30	2.821120e-16
31	31	3.261860e-16
32	32	1.441640e-17
33	33	2.453750e-16
34	34	3.219350e-17
35	35	4.056580e-17
36	36	1.569890e-16
37	37	4.338850e-17
38	38	1.249470e-17
39	39	3.292650e-17
40	40	1.098887e-17
41	41	1.024478e-17
42	42	2.121440e-16
43	43	2.032380e-16
44	44	1.804650e-17
45	45	6.460230e-16
46	46	1.573710e-17
47	47	7.600410e-17
48	48	2.776470e-18
49	49	1.114220e-17
50	50	3.511530e-17
51	51	6.835620e-17
52	52	2.014960e-17
53	53	1.517430e-17
54	54	1.537910e-17
55	55	2.625610e-17
56	56	2.064890e-17
57	57	2.610850e-17
58	58	1.695640e-17
59	59	2.832690e-17
60	60	1.231000e-17
61	61	1.181290e-18
62	62	2.671240e-16
63	63	3.938260e-18
64	64	3.209410e-18
65	65	4.608710e-18
66	66	4.392520e-18
67	67	5.608270e-18
68	68	1.909310e-17
69	69	1.926000e-17
70	70	1.812220e-17
71	71	6.963820e-18
72	72	2.788800e-17
73	73	1.745130e-17
