1	1	2.243770e-18
2	2	9.187980e-18
3	3	2.706300e-18
4	4	4.438550e-18
5	5	2.068230e-17
6	6	2.996170e-17
7	7	2.002520e-17
8	8	6.285800e-18
9	9	1.000000e-18
10	10	3.162860e-17
11	11	6.423090e-18
12	12	1.351029e-18
13	13	3.135570e-17
14	14	1.000000e-18
15	15	3.055860e-17
16	16	2.767700e-18
17	17	9.302600e-18
18	18	1.534960e-18
19	19	3.327090e-17
20	20	7.188700e-17
21	21	9.028440e-18
22	22	4.918910e-18
23	23	1.411890e-16
24	24	8.079650e-18
25	25	6.590860e-17
26	26	2.785890e-16
27	27	4.901300e-17
28	28	8.919440e-18
29	29	3.978600e-17
30	30	1.738720e-16
31	31	1.136390e-17
32	32	1.137200e-17
33	33	1.133890e-17
34	34	1.145700e-17
35	35	1.517640e-17
36	36	2.065110e-17
37	37	1.014220e-17
38	38	6.565960e-18
39	39	1.885270e-17
