1	1	1.911170e-18
2	2	7.951160e-18
3	3	2.293240e-18
4	4	4.438550e-18
5	5	1.985400e-17
6	6	1.606310e-17
7	7	2.998170e-18
8	8	4.070790e-18
9	9	4.240420e-17
10	10	1.863695e-18
11	11	8.219040e-18
12	12	3.592390e-18
13	13	2.776470e-18
14	14	1.843480e-17
15	15	1.957660e-17
16	16	1.441640e-17
17	17	6.092410e-18
18	18	2.675240e-16
19	19	3.375100e-16
20	20	7.493220e-18
21	21	1.178160e-16
22	22	1.269790e-16
23	23	7.179360e-18
24	24	3.047240e-18
25	25	7.664610e-18
26	26	5.942440e-18
27	27	2.855380e-17
28	28	2.738170e-17
29	29	9.125580e-18
30	30	1.853650e-17
31	31	9.472380e-17
32	32	3.722330e-17
33	33	8.066780e-17
34	34	7.843430e-17
35	35	1.501730e-17
36	36	1.160520e-17
37	37	2.479520e-16
38	38	5.014270e-18
39	39	3.219350e-17
40	40	1.137200e-17
41	41	1.145700e-17
42	42	1.517180e-17
43	43	2.024990e-17
44	44	2.064630e-17
45	45	2.636640e-17
46	46	1.014220e-17
47	47	1.182310e-17
48	48	3.354860e-18
49	49	1.812000e-17
50	50	2.749440e-17
51	51	1.744950e-17
