1	1	1.553800e-18
2	2	2.939130e-17
3	3	2.709060e-18
4	4	1.919320e-17
5	5	3.961530e-18
6	6	1.978260e-17
7	7	5.854260e-18
8	8	2.207850e-17
9	9	2.151370e-17
10	10	3.529760e-18
11	11	3.243770e-18
12	12	9.362340e-18
13	13	2.709060e-18
14	14	4.438550e-18
15	15	1.989600e-17
16	16	1.919320e-17
17	17	9.175240e-17
18	18	1.628440e-16
19	19	1.352320e-17
20	20	1.300740e-17
21	21	9.761000e-18
22	22	7.751870e-16
23	23	3.220360e-16
24	24	8.179330e-17
25	25	2.081740e-16
26	26	5.880990e-18
27	27	4.056580e-17
28	28	4.221220e-16
29	29	3.879080e-16
30	30	8.010210e-17
31	31	4.056580e-17
32	32	3.363110e-17
33	33	3.814460e-17
34	34	7.923480e-16
35	35	3.866620e-18
36	36	8.310850e-18
37	37	9.296570e-18
38	38	8.647230e-18
39	39	9.795750e-18
40	40	5.390160e-18
41	41	1.137200e-17
42	42	1.145700e-17
43	43	1.517180e-17
44	44	1.517180e-17
45	45	2.064090e-17
46	46	2.064630e-17
47	47	1.014220e-17
48	48	1.755880e-17
49	49	1.226470e-17
50	50	1.248380e-16
51	51	1.253450e-17
52	52	1.059000e-17
53	53	1.755740e-17
54	54	1.297480e-17
55	55	1.096180e-16
56	56	1.380600e-17
57	57	5.794510e-17
58	58	3.811450e-18
59	59	8.627280e-18
60	60	6.236010e-18
61	61	1.981390e-17
62	62	1.401410e-17
63	63	2.178880e-16
64	64	2.764160e-18
65	65	3.812070e-18
66	66	7.962450e-17
67	67	2.492310e-18
68	68	2.788670e-17
69	69	1.744950e-17
70	70	2.687740e-16
71	71	6.632850e-18
72	72	8.151660e-18
73	73	6.197700e-18
74	74	5.664930e-18
75	75	7.369860e-18
76	76	2.788670e-17
77	77	1.785730e-17
