1	1	2.243770e-18
2	2	9.341510e-18
3	3	2.709060e-18
4	4	4.438550e-18
5	5	1.989600e-17
6	6	1.919320e-17
7	7	7.192920e-18
8	8	4.156420e-18
9	9	4.424310e-17
10	10	2.220730e-18
11	11	3.592390e-18
12	12	2.776470e-18
13	13	1.843480e-17
14	14	1.957660e-17
15	15	1.441640e-17
16	16	4.162820e-18
17	17	2.196250e-17
18	18	2.139910e-17
19	19	3.012290e-18
20	20	3.343890e-16
21	21	7.493300e-18
22	22	1.609820e-16
23	23	6.058930e-18
24	24	9.670400e-17
25	25	3.747640e-18
26	26	1.339370e-17
27	27	1.300740e-17
28	28	7.250900e-18
29	29	6.872830e-18
30	30	1.853650e-17
31	31	9.652980e-18
32	32	1.166810e-16
33	33	4.056580e-17
34	34	1.155570e-16
35	35	6.063400e-18
36	36	3.007720e-18
37	37	8.203470e-18
38	38	3.720010e-18
39	39	9.577040e-18
40	40	1.305920e-17
41	41	1.350870e-17
42	42	1.447840e-17
43	43	1.740220e-16
44	44	2.284140e-17
45	45	3.889710e-17
46	46	4.155870e-16
47	47	1.522490e-17
48	48	1.147430e-17
49	49	3.219350e-17
50	50	5.305990e-18
51	51	1.137200e-17
52	52	1.145700e-17
53	53	1.517180e-17
54	54	2.024990e-17
55	55	2.064630e-17
56	56	2.636640e-17
57	57	1.014220e-17
58	58	1.162360e-16
59	59	7.484560e-18
60	60	7.776410e-18
61	61	4.078760e-18
62	62	3.616970e-17
63	63	4.544370e-18
64	64	1.812000e-17
65	65	2.788670e-17
66	66	1.744950e-17
