1	1	4.305990e-18
2	2	2.139910e-17
3	3	3.529760e-18
4	4	2.832970e-18
5	5	1.928210e-17
6	6	2.832970e-18
7	7	1.534970e-17
8	8	1.339370e-17
9	9	1.300740e-17
10	10	2.012260e-16
11	11	1.447270e-17
12	12	6.710330e-18
13	13	2.489730e-16
14	14	2.885730e-18
15	15	1.420700e-16
16	16	2.196250e-17
17	17	9.843470e-18
18	18	1.377660e-17
19	19	1.431840e-17
20	20	3.889710e-17
21	21	3.424160e-17
22	22	2.131200e-16
23	23	1.155660e-17
24	24	9.510870e-18
25	25	6.639520e-17
26	26	5.770680e-18
27	27	1.137200e-17
28	28	1.145700e-17
29	29	2.026850e-17
30	30	2.636850e-17
31	31	1.096180e-16
32	32	1.627660e-17
33	33	1.747920e-17
34	34	1.764760e-17
