1	1	4.312080e-18
2	2	2.187880e-17
3	3	2.150400e-17
4	4	3.357040e-18
5	5	9.759700e-18
6	6	1.299260e-17
7	7	1.278850e-17
8	8	6.440910e-18
9	9	2.541810e-18
10	10	6.525600e-18
11	11	6.025450e-18
12	12	6.810850e-18
13	13	8.998670e-18
14	14	5.947140e-18
15	15	1.963120e-17
16	16	1.015850e-16
17	17	2.930700e-17
18	18	2.743110e-17
19	19	2.930700e-17
20	20	8.593200e-17
21	21	4.182290e-16
22	22	2.253640e-16
23	23	9.296020e-18
24	24	8.446730e-18
25	25	1.033988e-17
26	26	1.430690e-17
27	27	1.378360e-17
28	28	9.277560e-17
29	29	1.356280e-17
30	30	1.957710e-16
31	31	2.002590e-16
32	32	3.431610e-17
33	33	3.900670e-17
34	34	3.278710e-16
35	35	5.305970e-18
36	36	1.137200e-17
37	37	1.145700e-17
38	38	1.568210e-17
39	39	1.568210e-17
40	40	2.048760e-17
41	41	1.919480e-17
42	42	7.587130e-17
43	43	8.102060e-18
44	44	1.835600e-17
45	45	8.689270e-18
46	46	6.695580e-18
