1	1	1.579450e-18
2	2	5.625900e-18
3	3	1.934160e-17
4	4	2.555540e-17
5	5	2.301360e-18
6	6	2.053660e-18
7	7	3.330760e-17
8	8	3.243680e-17
9	9	2.532530e-16
10	10	8.638810e-18
11	11	1.563250e-16
12	12	5.796010e-17
13	13	1.852110e-17
14	14	7.863750e-17
15	15	8.551960e-16
16	16	2.410360e-17
17	17	1.398920e-17
18	18	1.361680e-16
19	19	1.199700e-16
20	20	2.498120e-16
21	21	1.189010e-17
22	22	5.420140e-16
23	23	5.308940e-18
24	24	6.679470e-17
25	25	5.547100e-18
26	26	1.137560e-17
27	27	1.137560e-17
28	28	1.147320e-17
29	29	1.146000e-17
30	30	2.026850e-17
31	31	2.641310e-17
32	32	1.658370e-17
33	33	7.266770e-18
34	34	3.997040e-18
35	35	1.835600e-17
36	36	1.867760e-17
