1	1	6.217790e-18
2	2	1.390450e-17
3	3	2.691140e-18
4	4	1.040410e-16
5	5	5.353840e-18
6	6	4.369380e-18
7	7	1.929280e-17
8	8	3.149560e-18
9	9	2.043470e-17
10	10	2.011840e-17
11	11	3.086530e-17
12	12	2.513750e-17
13	13	3.998350e-16
14	14	8.146710e-18
15	15	2.914400e-17
16	16	2.770350e-17
17	17	5.908150e-16
18	18	3.054630e-16
19	19	3.367450e-16
20	20	3.261860e-16
21	21	1.502910e-17
22	22	2.601160e-16
23	23	3.963120e-17
24	24	2.754760e-16
25	25	2.328600e-16
26	26	3.956760e-16
27	27	1.401010e-17
28	28	7.595980e-17
29	29	2.564580e-16
30	30	3.039170e-18
31	31	6.425230e-17
32	32	4.929870e-18
33	33	4.003760e-18
34	34	3.511530e-17
35	35	6.835620e-17
36	36	2.010690e-17
37	37	2.087730e-17
38	38	2.027330e-17
39	39	2.615550e-17
40	40	1.764810e-17
41	41	2.832690e-17
42	42	1.629540e-17
43	43	1.222460e-17
44	44	1.769080e-17
45	45	5.608270e-18
46	46	1.909310e-17
47	47	1.747920e-17
48	48	1.907350e-17
49	49	1.867680e-17
