1	1	1.352710e+01
2	1	-9.090909e-02
32	1	-6.218093e+00
84	1	-6.218093e+00
1	2	-9.090909e-02
2	2	2.024529e+01
91	2	-2.015438e+01
3	3	5.848028e+00
4	3	-9.090909e-02
85	3	-5.757119e+00
3	4	-9.090909e-02
4	4	1.010222e+01
105	4	-1.001131e+01
5	5	5.844351e+00
71	5	-5.753442e+00
106	5	-9.090909e-02
6	6	1.002495e+01
64	6	-1.363637e-02
106	6	-1.001131e+01
7	7	7.342173e+00
8	7	-9.090909e-02
70	7	-7.251264e+00
7	8	-9.090909e-02
8	8	4.013608e+01
90	8	-4.004517e+01
9	9	7.362420e+00
19	9	-7.271511e+00
104	9	-9.090909e-02
10	10	1.169722e+01
79	10	-5.803157e+00
82	10	-5.803157e+00
103	10	-9.090909e-02
11	11	6.309002e+00
59	11	-9.090909e-02
77	11	-6.218093e+00
12	12	1.252710e+01
13	12	-9.090909e-02
34	12	-6.218093e+00
73	12	-6.218093e+00
12	13	-9.090909e-02
13	13	2.024529e+01
88	13	-2.015438e+01
14	14	5.848028e+00
15	14	-9.090909e-02
74	14	-5.757119e+00
14	15	-9.090909e-02
15	15	1.010222e+01
94	15	-1.001131e+01
16	16	5.844351e+00
68	16	-5.753442e+00
95	16	-9.090909e-02
17	17	1.002495e+01
58	17	-1.363637e-02
95	17	-1.001131e+01
18	18	9.019882e+00
50	18	-1.158757e-01
91	18	-8.904006e+00
9	19	-7.271511e+00
19	19	9.612116e+00
102	19	-2.340605e+00
20	20	1.002825e+01
90	20	-7.271511e+00
101	20	-2.756735e+00
21	21	9.019882e+00
24	21	-1.158757e-01
88	21	-8.904006e+00
22	22	5.258287e+00
49	22	-1.723086e-01
103	22	-5.085978e+00
23	23	5.316385e+00
51	23	-2.523965e-02
59	23	-5.291145e+00
21	24	-1.158757e-01
24	24	3.172456e+00
47	24	-3.056580e+00
25	25	6.267117e+00
62	25	-6.218093e+00
86	25	-4.902369e-02
26	26	3.319730e+00
83	26	-2.037315e+00
84	26	-1.282415e+00
27	27	5.768452e+00
69	27	-3.761746e+00
81	27	-2.006706e+00
28	28	2.430294e+00
78	28	-2.020280e+00
79	28	-4.100142e-01
29	29	6.237775e+00
60	29	-6.218093e+00
77	29	-1.968128e-02
30	30	3.852655e+00
75	30	-9.090909e-02
76	30	-3.761746e+00
31	31	3.319730e+00
72	31	-2.037315e+00
73	31	-1.282415e+00
1	32	-6.218093e+00
32	32	7.250721e+00
71	32	-1.032628e+00
33	33	9.484065e+01
80	33	-8.757258e+01
104	33	-7.268076e+00
12	34	-6.218093e+00
34	34	7.250721e+00
68	34	-1.032628e+00
35	35	2.292750e-01
36	35	-1.818182e-01
67	35	-4.745679e-02
35	36	-1.818182e-01
36	36	5.139286e+00
65	36	-9.090909e-02
76	36	-4.866559e+00
37	37	9.090909e-03
102	37	-9.090909e-03
38	38	9.090909e-03
101	38	-9.090909e-03
39	39	2.480362e-02
97	39	-2.480362e-02
40	40	2.480362e-02
93	40	-2.480362e-02
41	41	1.082251e-02
96	41	-1.082251e-02
42	42	1.082251e-02
92	42	-1.082251e-02
43	43	1.431436e+01
65	43	-6.355057e+00
75	43	-4.660375e+00
89	43	-3.298926e+00
44	44	3.305100e+00
66	44	-1.818182e-01
87	44	-3.123282e+00
45	45	1.226748e+00
46	45	-1.818182e-01
66	45	-1.044930e+00
45	46	-1.818182e-01
46	46	5.143194e+00
67	46	-4.961376e+00
24	47	-3.056580e+00
47	47	3.659658e+00
89	47	-6.030781e-01
48	48	4.004277e+00
49	48	-3.056580e+00
55	48	-9.476966e-01
22	49	-1.723086e-01
48	49	-3.056580e+00
49	49	3.228889e+00
18	50	-1.158757e-01
50	50	5.709405e+00
56	50	-5.593529e+00
23	51	-2.523965e-02
51	51	5.316385e+00
100	51	-5.291145e+00
52	52	1.222007e+01
56	52	-6.059247e+00
99	52	-6.160822e+00
53	53	5.157696e+00
54	53	-7.171749e-02
98	53	-5.085978e+00
53	54	-7.171749e-02
54	54	3.224869e+00
87	54	-3.153152e+00
48	55	-9.476966e-01
55	55	6.033675e+00
98	55	-5.085978e+00
50	56	-5.593529e+00
52	56	-6.059247e+00
56	56	1.165278e+01
57	57	2.080483e-02
93	57	-7.168459e-03
94	57	-1.363637e-02
17	58	-1.363637e-02
58	58	3.123169e-02
92	58	-1.759532e-02
11	59	-9.090909e-02
23	59	-5.291145e+00
59	59	5.382054e+00
29	60	-6.218093e+00
60	60	6.309002e+00
98	60	-9.090909e-02
61	61	6.309002e+00
86	61	-6.218093e+00
99	61	-9.090909e-02
25	62	-6.218093e+00
62	62	6.309002e+00
100	62	-9.090909e-02
63	63	2.080483e-02
97	63	-7.168459e-03
105	63	-1.363637e-02
6	64	-1.363637e-02
64	64	3.123169e-02
96	64	-1.759532e-02
36	65	-9.090909e-02
43	65	-6.355057e+00
65	65	6.445966e+00
44	66	-1.818182e-01
45	66	-1.044930e+00
66	66	1.226748e+00
35	67	-4.745679e-02
46	67	-4.961376e+00
67	67	5.008832e+00
16	68	-5.753442e+00
34	68	-1.032628e+00
68	68	6.786070e+00
27	69	-3.761746e+00
69	69	9.133432e+01
70	69	-8.757258e+01
7	70	-7.251264e+00
69	70	-8.757258e+01
70	70	9.482384e+01
5	71	-5.753442e+00
32	71	-1.032628e+00
71	71	6.786070e+00
31	72	-2.037315e+00
72	72	2.447330e+00
74	72	-4.100142e-01
12	73	-6.218093e+00
31	73	-1.282415e+00
73	73	7.500508e+00
14	74	-5.757119e+00
72	74	-4.100142e-01
74	74	6.167133e+00
30	75	-9.090909e-02
43	75	-4.660375e+00
75	75	4.751284e+00
30	76	-3.761746e+00
36	76	-4.866559e+00
76	76	8.628305e+00
11	77	-6.218093e+00
29	77	-1.968128e-02
77	77	6.237775e+00
28	78	-2.020280e+00
78	78	4.990080e+00
80	78	-2.969800e+00
10	79	-5.803157e+00
28	79	-4.100142e-01
79	79	6.213171e+00
33	80	-8.757258e+01
78	80	-2.969800e+00
80	80	9.054238e+01
27	81	-2.006706e+00
81	81	2.456399e+00
82	81	-4.496929e-01
10	82	-5.803157e+00
81	82	-4.496929e-01
82	82	6.252850e+00
26	83	-2.037315e+00
83	83	2.447330e+00
85	83	-4.100142e-01
1	84	-6.218093e+00
26	84	-1.282415e+00
84	84	7.500508e+00
3	85	-5.757119e+00
83	85	-4.100142e-01
85	85	6.167133e+00
25	86	-4.902369e-02
61	86	-6.218093e+00
86	86	6.267117e+00
44	87	-3.123282e+00
54	87	-3.153152e+00
87	87	6.276434e+00
13	88	-2.015438e+01
21	88	-8.904006e+00
88	88	2.905839e+01
43	89	-3.298926e+00
47	89	-6.030781e-01
89	89	3.902004e+00
8	90	-4.004517e+01
20	90	-7.271511e+00
90	90	4.731668e+01
2	91	-2.015438e+01
18	91	-8.904006e+00
91	91	2.905839e+01
42	92	-1.082251e-02
58	92	-1.759532e-02
92	92	2.841783e-02
40	93	-2.480362e-02
57	93	-7.168459e-03
93	93	3.197208e-02
15	94	-1.001131e+01
57	94	-1.363637e-02
94	94	1.002495e+01
16	95	-9.090909e-02
17	95	-1.001131e+01
95	95	1.010222e+01
41	96	-1.082251e-02
64	96	-1.759532e-02
96	96	2.841783e-02
39	97	-2.480362e-02
63	97	-7.168459e-03
97	97	3.197208e-02
53	98	-5.085978e+00
55	98	-5.085978e+00
60	98	-9.090909e-02
98	98	1.026287e+01
52	99	-6.160822e+00
61	99	-9.090909e-02
99	99	6.251731e+00
51	100	-5.291145e+00
62	100	-9.090909e-02
100	100	5.382054e+00
20	101	-2.756735e+00
38	101	-9.090909e-03
101	101	2.765826e+00
19	102	-2.340605e+00
37	102	-9.090909e-03
102	102	2.349696e+00
10	103	-9.090909e-02
22	103	-5.085978e+00
103	103	5.176888e+00
9	104	-9.090909e-02
33	104	-7.268076e+00
104	104	7.358985e+00
4	105	-1.001131e+01
63	105	-1.363637e-02
105	105	1.002495e+01
5	106	-9.090909e-02
6	106	-1.001131e+01
106	106	1.010222e+01
