1	1	2.243770e-18
2	2	9.217520e-18
3	3	2.719030e-18
4	4	1.919320e-17
5	5	4.438550e-18
6	6	1.989600e-17
7	7	2.615100e-18
8	8	2.832680e-18
9	9	7.596850e-18
10	10	3.369630e-18
11	11	3.056540e-17
12	12	2.431110e-18
13	13	4.135270e-18
14	14	4.867060e-18
15	15	2.557880e-17
16	16	2.529010e-17
17	17	3.084020e-17
18	18	2.938070e-16
19	19	8.491370e-18
20	20	2.893130e-18
21	21	7.817170e-18
22	22	1.482190e-17
23	23	1.411890e-16
24	24	8.224450e-17
25	25	1.427210e-17
26	26	1.040440e-16
27	27	6.295150e-17
28	28	7.921480e-17
29	29	4.341910e-17
30	30	3.881040e-17
31	31	1.114220e-17
32	32	3.949520e-18
33	33	5.197440e-16
34	34	1.216730e-17
35	35	2.667140e-17
36	36	1.146000e-17
37	37	1.146000e-17
38	38	3.511530e-17
39	39	3.503620e-17
40	40	1.517640e-17
41	41	2.064630e-17
42	42	5.174940e-18
43	43	8.164920e-18
44	44	1.187140e-17
45	45	2.643110e-18
46	46	1.838810e-18
47	47	1.151680e-17
48	48	2.861130e-18
49	49	3.071510e-16
50	50	2.787660e-17
51	51	1.744950e-17
