1	1	2.468230e-17
2	2	2.301360e-18
3	3	2.053660e-18
4	4	2.518870e-17
5	5	2.582640e-17
6	6	2.832970e-18
7	7	2.383470e-18
8	8	1.528600e-17
9	9	1.928210e-17
10	10	1.985400e-16
11	11	1.402080e-16
12	12	1.958790e-17
13	13	1.227770e-16
14	14	1.550300e-17
15	15	1.155560e-16
16	16	1.759120e-16
17	17	8.178250e-17
18	18	1.242540e-16
19	19	1.311320e-17
20	20	1.156540e-17
21	21	4.829180e-17
22	22	5.547100e-18
23	23	5.308940e-18
24	24	1.137560e-17
25	25	1.137560e-17
26	26	1.146000e-17
27	27	1.147320e-17
28	28	1.977470e-17
29	29	2.636850e-17
30	30	1.631190e-17
31	31	1.747920e-17
32	32	1.764760e-17
