1	1	1.780970e-18
2	2	9.341540e-18
3	3	2.692130e-18
4	4	1.919320e-17
5	5	4.438550e-18
6	6	1.989600e-17
7	7	3.163530e-18
8	8	4.257530e-17
9	9	5.231800e-18
10	10	4.626190e-18
11	11	8.633480e-18
12	12	4.503260e-18
13	13	8.814830e-18
14	14	3.473920e-18
15	15	2.088900e-17
16	16	2.264430e-16
17	17	2.008260e-17
18	18	3.753640e-18
19	19	3.239150e-18
20	20	3.231070e-18
21	21	8.492120e-18
22	22	1.645460e-17
23	23	1.988090e-17
24	24	2.417510e-17
25	25	1.149930e-18
26	26	2.461800e-17
27	27	2.438230e-17
28	28	2.424100e-17
29	29	3.843140e-18
30	30	3.593940e-16
31	31	9.223510e-18
32	32	6.185490e-16
33	33	1.143670e-17
34	34	1.493870e-16
35	35	1.340100e-16
36	36	3.017700e-16
37	37	8.043840e-18
38	38	1.642830e-16
39	39	4.806510e-18
40	40	7.671970e-18
41	41	1.396290e-16
42	42	4.545910e-18
43	43	4.274380e-16
44	44	6.378890e-17
45	45	9.004110e-18
46	46	1.433640e-17
47	47	6.824900e-18
48	48	4.448950e-17
49	49	3.916750e-17
50	50	3.794530e-17
51	51	6.944760e-17
52	52	2.762140e-17
53	53	1.565860e-17
54	54	4.118840e-16
55	55	4.056580e-17
56	56	7.071590e-17
57	57	3.519680e-16
58	58	1.000000e-18
59	59	1.358528e-18
60	60	1.000000e-18
61	61	2.301220e-16
62	62	7.889700e-18
63	63	1.086899e-17
64	64	1.137200e-17
65	65	1.137200e-17
66	66	1.145700e-17
67	67	1.145700e-17
68	68	2.025960e-17
69	69	1.517430e-17
70	70	1.988480e-17
71	71	2.089710e-17
72	72	2.064890e-17
73	73	2.634480e-17
74	74	2.662340e-17
75	75	9.949170e-17
76	76	1.007160e-17
77	77	2.698460e-17
78	78	1.840280e-17
79	79	2.721620e-18
80	80	7.437610e-18
81	81	4.059760e-18
82	82	2.987530e-18
83	83	3.977780e-18
84	84	3.098230e-18
85	85	4.835410e-18
86	86	1.192570e-17
87	87	1.826350e-17
88	88	2.789130e-17
89	89	1.745130e-17
