1	1	2.243770e-18
2	2	2.709060e-18
3	3	4.438550e-18
4	4	1.989600e-17
5	5	1.919320e-17
6	6	5.236460e-18
7	7	5.088250e-17
8	8	1.863695e-18
9	9	3.592390e-18
10	10	1.853650e-17
11	11	1.934080e-17
12	12	1.957660e-17
13	13	5.305970e-18
14	14	2.138940e-17
15	15	2.592730e-18
16	16	9.760390e-18
17	17	1.299260e-17
18	18	1.264360e-17
19	19	3.386500e-16
20	20	8.219040e-18
21	21	1.457660e-16
22	22	9.341510e-18
23	23	1.441640e-17
24	24	2.743830e-18
25	25	6.413300e-17
26	26	2.182860e-17
27	27	2.438540e-16
28	28	4.056580e-17
29	29	6.032970e-16
30	30	1.569890e-16
31	31	5.056950e-16
32	32	3.889710e-17
33	33	2.851130e-17
34	34	2.776470e-18
35	35	3.219350e-17
36	36	1.248280e-17
37	37	5.868930e-17
38	38	4.111670e-18
39	39	1.137200e-17
40	40	1.145700e-17
41	41	2.024990e-17
42	42	1.517180e-17
43	43	2.636900e-17
44	44	2.064630e-17
45	45	1.014220e-17
46	46	1.769220e-17
47	47	1.214090e-17
48	48	1.769080e-17
49	49	6.816330e-18
50	50	1.479180e-17
51	51	2.917230e-18
52	52	2.858830e-18
53	53	2.978600e-17
54	54	5.172350e-16
55	55	1.837450e-17
56	56	6.649990e-18
57	57	2.788340e-17
58	58	1.744950e-17
