1	1	5.092410e-18
2	2	2.713320e-16
3	3	2.611090e-16
4	4	2.691740e-18
5	5	4.085820e-18
6	6	1.783210e-17
7	7	3.243770e-18
8	8	9.362340e-18
9	9	2.709880e-18
10	10	4.438550e-18
11	11	1.989600e-17
12	12	1.919320e-17
13	13	1.123130e-16
14	14	1.564290e-16
15	15	2.089360e-17
16	16	2.965790e-18
17	17	3.461400e-17
18	18	6.215680e-16
19	19	1.275110e-17
20	20	2.511340e-18
21	21	7.619090e-18
22	22	1.616290e-17
23	23	2.855380e-17
24	24	2.738100e-17
25	25	9.328700e-18
26	26	1.499720e-16
27	27	1.600230e-17
28	28	4.056580e-17
29	29	8.671370e-17
30	30	1.540450e-17
31	31	1.152710e-17
32	32	4.056580e-17
33	33	8.068710e-17
34	34	8.013700e-16
35	35	1.661530e-17
36	36	7.338050e-17
37	37	8.435770e-18
38	38	4.854130e-18
39	39	1.137200e-17
40	40	1.145700e-17
41	41	1.517430e-17
42	42	1.517430e-17
43	43	2.055820e-17
44	44	2.064890e-17
45	45	1.014220e-17
46	46	8.964520e-18
47	47	1.608460e-17
48	48	3.513390e-18
49	49	2.886690e-18
50	50	4.338520e-17
51	51	2.872410e-18
52	52	2.789130e-17
53	53	1.745130e-17
54	54	2.747630e-17
55	55	1.745130e-17
