1	1	2.243770e-18
2	2	9.341540e-18
3	3	2.709060e-18
4	4	4.438550e-18
5	5	1.989600e-17
6	6	1.919320e-17
7	7	3.659100e-18
8	8	2.139840e-17
9	9	2.449640e-18
10	10	3.243770e-18
11	11	9.341540e-18
12	12	2.709060e-18
13	13	4.438550e-18
14	14	1.989600e-17
15	15	1.919320e-17
16	16	6.478280e-18
17	17	5.687070e-18
18	18	9.450770e-18
19	19	7.109310e-18
20	20	8.552440e-16
21	21	1.628440e-16
22	22	1.352320e-17
23	23	1.300740e-17
24	24	1.628440e-16
25	25	2.196250e-17
26	26	9.614120e-18
27	27	1.066230e-16
28	28	1.302090e-17
29	29	8.234860e-18
30	30	3.253880e-16
31	31	4.056580e-17
32	32	2.408230e-17
33	33	2.080020e-17
34	34	1.582980e-16
35	35	2.330880e-16
36	36	4.056580e-17
37	37	4.098000e-18
38	38	1.137200e-17
39	39	1.145700e-17
40	40	1.517180e-17
41	41	1.517180e-17
42	42	2.064630e-17
43	43	2.064630e-17
44	44	1.014220e-17
45	45	1.014220e-17
46	46	7.201670e-18
47	47	7.201670e-18
48	48	7.437610e-18
49	49	4.544370e-18
50	50	1.981390e-17
51	51	4.544370e-18
52	52	8.689270e-18
53	53	8.790820e-18
54	54	7.128200e-18
55	55	7.456110e-18
56	56	2.788670e-17
57	57	1.744950e-17
58	58	2.788670e-17
59	59	1.744950e-17
