1	1	4.305990e-18
2	2	2.139910e-17
3	3	3.529760e-18
4	4	9.768150e-18
5	5	1.339370e-17
6	6	1.300740e-17
7	7	7.327070e-18
8	8	8.276250e-18
9	9	2.952820e-18
10	10	3.177440e-18
11	11	2.557740e-17
12	12	9.294740e-17
13	13	1.896040e-17
14	14	2.196250e-17
15	15	3.842160e-16
16	16	3.889710e-17
17	17	3.424160e-17
18	18	8.663020e-17
19	19	5.770680e-18
20	20	1.136740e-17
21	21	1.137200e-17
22	22	1.134200e-17
23	23	1.145700e-17
24	24	1.096180e-16
25	25	1.350990e-17
26	26	4.048320e-17
27	27	8.375250e-18
28	28	6.183550e-18
