1	1	1.352710e+01
71	1	-6.218093e+00
75	1	-6.218093e+00
105	1	-9.090909e-02
2	2	5.848028e+00
76	2	-5.757119e+00
104	2	-9.090909e-02
3	3	5.844351e+00
4	3	-9.090909e-02
44	3	-5.753442e+00
3	4	-9.090909e-02
4	4	1.010222e+01
103	4	-1.001131e+01
5	5	1.002495e+01
57	5	-1.363637e-02
104	5	-1.001131e+01
6	6	6.889976e+00
84	6	-6.799067e+00
100	6	-9.090909e-02
7	7	1.169722e+01
8	7	-9.090909e-02
79	7	-5.803157e+00
81	7	-5.803157e+00
7	8	-9.090909e-02
8	8	5.176888e+00
46	8	-5.085978e+00
9	9	2.349696e+00
17	9	-2.340605e+00
35	9	-9.090909e-03
10	10	2.765826e+00
36	10	-9.090909e-03
90	10	-2.756735e+00
11	11	5.382054e+00
49	11	-5.291145e+00
52	11	-9.090909e-02
12	12	5.171022e+00
77	12	-5.080113e+00
95	12	-9.090909e-02
13	13	5.171022e+00
14	13	-9.090909e-02
27	13	-5.080113e+00
13	14	-9.090909e-02
14	14	1.616831e+01
94	14	-1.607740e+01
15	15	2.080483e-02
16	15	-1.363637e-02
93	15	-7.168459e-03
15	16	-1.363637e-02
16	16	9.096371e+00
95	16	-9.082735e+00
9	17	-2.340605e+00
17	17	7.324432e+00
100	17	-4.983827e+00
18	18	3.252730e+00
86	18	-3.153152e+00
89	18	-9.957779e-02
19	19	1.242810e+00
20	19	-1.158757e-01
99	19	-1.126935e+00
19	20	-1.158757e-01
20	20	9.019882e+00
88	20	-8.904006e+00
21	21	4.731668e+01
90	21	-7.271511e+00
101	21	-4.004517e+01
22	22	8.966223e+00
89	22	-1.673181e+00
94	22	-7.293042e+00
23	23	5.316385e+00
49	23	-2.523965e-02
55	23	-5.291145e+00
24	24	6.237775e+00
52	24	-6.218093e+00
85	24	-1.968128e-02
25	25	6.386106e+00
82	25	-3.640083e+00
83	25	-2.746023e+00
26	26	2.456399e+00
78	26	-2.006706e+00
79	26	-4.496929e-01
13	27	-5.080113e+00
27	27	5.253492e+00
77	27	-1.733790e-01
28	28	2.447330e+00
74	28	-2.037315e+00
76	28	-4.100142e-01
29	29	6.267117e+00
54	29	-6.218093e+00
73	29	-4.902369e-02
30	30	9.482384e+01
72	30	-8.757258e+01
102	30	-7.251264e+00
31	31	5.198460e+00
34	31	-4.961376e+00
70	31	-2.370848e-01
32	32	5.143194e+00
33	32	-1.818182e-01
70	32	-4.961376e+00
32	33	-1.818182e-01
33	33	2.195111e-01
66	33	-3.769289e-02
31	34	-4.961376e+00
34	34	5.143194e+00
69	34	-1.818182e-01
9	35	-9.090909e-03
35	35	9.090909e-03
10	36	-9.090909e-03
36	36	9.090909e-03
37	37	2.480362e-02
93	37	-2.480362e-02
38	38	2.480362e-02
97	38	-2.480362e-02
39	39	1.082251e-02
92	39	-1.082251e-02
40	40	1.082251e-02
96	40	-1.082251e-02
41	41	4.211736e+00
42	41	-1.818182e-01
59	41	-4.029918e+00
41	42	-1.818182e-01
42	42	4.866734e+00
68	42	-4.684916e+00
43	43	4.768217e+00
67	43	-1.818182e-01
91	43	-4.586399e+00
3	44	-5.753442e+00
44	44	6.798372e+00
71	44	-1.044930e+00
45	45	9.991123e+00
87	45	-6.674186e+00
91	45	-3.316937e+00
8	46	-5.085978e+00
46	46	5.258287e+00
47	46	-1.723086e-01
46	47	-1.723086e-01
47	47	3.228889e+00
48	47	-3.056580e+00
47	48	-3.056580e+00
48	48	4.004277e+00
50	48	-9.476966e-01
11	49	-5.291145e+00
23	49	-2.523965e-02
49	49	5.316385e+00
48	50	-9.476966e-01
50	50	6.033675e+00
98	50	-5.085978e+00
51	51	3.123169e-02
92	51	-1.759532e-02
94	51	-1.363637e-02
11	52	-9.090909e-02
24	52	-6.218093e+00
52	52	6.309002e+00
53	53	6.309002e+00
85	53	-6.218093e+00
98	53	-9.090909e-02
29	54	-6.218093e+00
54	54	6.309002e+00
99	54	-9.090909e-02
23	55	-5.291145e+00
55	55	5.382054e+00
56	55	-9.090909e-02
55	56	-9.090909e-02
56	56	6.309002e+00
73	56	-6.218093e+00
5	57	-1.363637e-02
57	57	2.080483e-02
97	57	-7.168459e-03
58	58	3.123169e-02
96	58	-1.759532e-02
103	58	-1.363637e-02
41	59	-4.029918e+00
59	59	6.098093e+00
60	59	-2.068175e+00
59	60	-2.068175e+00
60	60	1.147251e+01
69	60	-9.404330e+00
61	61	5.960452e+01
62	61	-5.646974e+01
63	61	-3.134786e+00
61	62	-5.646974e+01
62	62	5.874175e+01
67	62	-2.272010e+00
61	63	-3.134786e+00
63	63	5.306698e+00
64	63	-2.171911e+00
63	64	-2.171911e+00
64	64	2.791978e+00
65	64	-6.200666e-01
64	65	-6.200666e-01
65	65	2.797786e+00
66	65	-2.177719e+00
33	66	-3.769289e-02
65	66	-2.177719e+00
66	66	2.215412e+00
43	67	-1.818182e-01
62	67	-2.272010e+00
67	67	2.453828e+00
42	68	-4.684916e+00
68	68	1.415820e+01
86	68	-9.473285e+00
34	69	-1.818182e-01
60	69	-9.404330e+00
69	69	9.586148e+00
31	70	-2.370848e-01
32	70	-4.961376e+00
70	70	5.198460e+00
1	71	-6.218093e+00
44	71	-1.044930e+00
71	71	7.263023e+00
30	72	-8.757258e+01
72	72	9.133432e+01
78	72	-3.761746e+00
29	73	-4.902369e-02
56	73	-6.218093e+00
73	73	6.267117e+00
28	74	-2.037315e+00
74	74	3.304632e+00
75	74	-1.267316e+00
1	75	-6.218093e+00
74	75	-1.267316e+00
75	75	7.485410e+00
2	76	-5.757119e+00
28	76	-4.100142e-01
76	76	6.167133e+00
12	77	-5.080113e+00
27	77	-1.733790e-01
77	77	5.253492e+00
26	78	-2.006706e+00
72	78	-3.761746e+00
78	78	5.768452e+00
7	79	-5.803157e+00
26	79	-4.496929e-01
79	79	6.252850e+00
80	80	4.450565e+00
81	80	-4.100142e-01
82	80	-4.040551e+00
7	81	-5.803157e+00
80	81	-4.100142e-01
81	81	6.213171e+00
25	82	-3.640083e+00
80	82	-4.040551e+00
82	82	7.680634e+00
25	83	-2.746023e+00
83	83	8.493420e+01
84	83	-8.218818e+01
6	84	-6.799067e+00
83	84	-8.218818e+01
84	84	8.898725e+01
24	85	-1.968128e-02
53	85	-6.218093e+00
85	85	6.237775e+00
18	86	-3.153152e+00
68	86	-9.473285e+00
86	86	1.262644e+01
45	87	-6.674186e+00
87	87	8.574182e+01
100	87	-7.906763e+01
20	88	-8.904006e+00
88	88	2.905839e+01
105	88	-2.015438e+01
18	89	-9.957779e-02
22	89	-1.673181e+00
89	89	1.772759e+00
10	90	-2.756735e+00
21	90	-7.271511e+00
90	90	1.002825e+01
43	91	-4.586399e+00
45	91	-3.316937e+00
91	91	7.903335e+00
39	92	-1.082251e-02
51	92	-1.759532e-02
92	92	2.841783e-02
15	93	-7.168459e-03
37	93	-2.480362e-02
93	93	3.197208e-02
14	94	-1.607740e+01
22	94	-7.293042e+00
51	94	-1.363637e-02
94	94	2.338408e+01
12	95	-9.090909e-02
16	95	-9.082735e+00
95	95	9.173644e+00
40	96	-1.082251e-02
58	96	-1.759532e-02
96	96	2.841783e-02
38	97	-2.480362e-02
57	97	-7.168459e-03
97	97	3.197208e-02
50	98	-5.085978e+00
53	98	-9.090909e-02
98	98	5.176888e+00
19	99	-1.126935e+00
54	99	-9.090909e-02
99	99	1.217844e+00
6	100	-9.090909e-02
17	100	-4.983827e+00
87	100	-7.906763e+01
100	100	8.414237e+01
21	101	-4.004517e+01
101	101	4.013608e+01
102	101	-9.090909e-02
30	102	-7.251264e+00
101	102	-9.090909e-02
102	102	7.342173e+00
4	103	-1.001131e+01
58	103	-1.363637e-02
103	103	1.002495e+01
2	104	-9.090909e-02
5	104	-1.001131e+01
104	104	1.010222e+01
1	105	-9.090909e-02
88	105	-2.015438e+01
105	105	2.024529e+01
