1	1	1.596150e-18
2	2	3.968830e-18
3	3	1.934040e-17
4	4	2.575030e-16
5	5	2.555540e-17
6	6	2.301360e-18
7	7	2.053660e-18
8	8	2.518870e-17
9	9	2.582640e-17
10	10	9.805090e-16
11	11	3.875870e-18
12	12	7.385090e-18
13	13	1.958790e-17
14	14	1.227770e-16
15	15	1.554160e-17
16	16	3.424660e-17
17	17	1.759120e-16
18	18	1.199700e-16
19	19	1.231540e-16
20	20	1.318220e-17
21	21	8.968700e-18
22	22	5.308940e-18
23	23	8.079070e-17
24	24	5.547100e-18
25	25	3.633660e-16
26	26	1.137560e-17
27	27	1.137560e-17
28	28	1.147320e-17
29	29	1.146000e-17
30	30	2.027110e-17
31	31	2.622160e-17
32	32	1.795110e-17
33	33	1.954130e-17
