1	1	1.535150e-18
2	2	2.836490e-18
3	3	2.958230e-17
4	4	1.908630e-17
5	5	2.579450e-18
6	6	1.934090e-17
7	7	4.424900e-18
8	8	2.496140e-16
9	9	2.555540e-17
10	10	2.301360e-18
11	11	2.053660e-18
12	12	3.343760e-17
13	13	3.243680e-17
14	14	2.552660e-16
15	15	8.828310e-18
16	16	9.015290e-17
17	17	8.196810e-17
18	18	1.111130e-15
19	19	8.501040e-18
20	20	1.958790e-17
21	21	4.606890e-17
22	22	2.731090e-18
23	23	7.207680e-18
24	24	1.028980e-16
25	25	1.656680e-16
26	26	1.199700e-16
27	27	1.432650e-17
28	28	1.030853e-17
29	29	6.079890e-16
30	30	4.348100e-17
31	31	2.894310e-16
32	32	1.751540e-17
33	33	1.218980e-17
34	34	4.704740e-16
35	35	1.206710e-17
36	36	1.599940e-17
37	37	1.096630e-16
38	38	5.308940e-18
39	39	8.187610e-17
40	40	5.547100e-18
41	41	8.789690e-18
42	42	6.836730e-18
43	43	5.535620e-18
44	44	6.957180e-18
45	45	1.137560e-17
46	46	1.137560e-17
47	47	1.147320e-17
48	48	1.146000e-17
49	49	1.455940e-17
50	50	2.026670e-17
51	51	2.610590e-17
52	52	2.641310e-17
53	53	5.871660e-18
54	54	5.429060e-18
55	55	1.335610e-17
56	56	1.192550e-17
57	57	2.365620e-18
58	58	4.817480e-18
59	59	4.043660e-18
60	60	7.799080e-18
61	61	4.569520e-18
62	62	1.806130e-17
63	63	1.867760e-17
64	64	1.925650e-17
