1	1	4.305990e-18
2	2	2.150200e-17
3	3	3.393070e-18
4	4	1.651050e-16
5	5	2.941830e-18
6	6	2.832970e-18
7	7	1.928210e-17
8	8	1.583500e-16
9	9	1.534970e-17
10	10	3.612460e-16
11	11	1.205270e-17
12	12	1.154300e-17
13	13	2.205360e-17
14	14	1.607800e-16
15	15	6.639520e-17
16	16	5.299770e-16
17	17	1.671590e-17
18	18	5.482200e-17
19	19	1.640200e-17
20	20	3.900670e-17
21	21	3.431610e-17
22	22	5.770680e-18
23	23	1.137200e-17
24	24	1.145700e-17
25	25	2.008740e-17
26	26	2.637120e-17
27	27	1.155020e-17
28	28	1.335610e-17
29	29	1.748120e-17
30	30	1.764930e-17
