1	1	4.305970e-18
2	2	2.138940e-17
3	3	3.357040e-18
4	4	6.440910e-18
5	5	8.446730e-18
6	6	6.525600e-18
7	7	6.025450e-18
8	8	9.296020e-18
9	9	6.810850e-18
10	10	5.947140e-18
11	11	1.033988e-17
12	12	1.963120e-17
13	13	2.930700e-17
14	14	2.930700e-17
15	15	8.593200e-17
16	16	1.015850e-16
17	17	2.253640e-16
18	18	1.356280e-17
19	19	1.312200e-17
20	20	1.278850e-17
21	21	1.430690e-17
22	22	8.998670e-18
23	23	2.743110e-17
24	24	2.176290e-17
25	25	9.759700e-18
26	26	9.277560e-17
27	27	1.378360e-17
28	28	4.182290e-16
29	29	3.278710e-16
30	30	3.889710e-17
31	31	3.424160e-17
32	32	2.002000e-16
33	33	1.957710e-16
34	34	2.541810e-18
35	35	5.312080e-18
36	36	1.137200e-17
37	37	1.145700e-17
38	38	1.568210e-17
39	39	1.568210e-17
40	40	1.919480e-17
41	41	2.048760e-17
42	42	7.587130e-17
43	43	8.689270e-18
44	44	1.835600e-17
45	45	6.695580e-18
46	46	8.102060e-18
