1	1	2.868370e-18
2	2	2.139910e-17
3	3	2.587340e-18
4	4	2.822700e-18
5	5	3.951730e-18
6	6	7.127960e-18
7	7	2.422270e-18
8	8	1.352330e-17
9	9	1.300740e-17
10	10	4.617020e-17
11	11	6.708270e-18
12	12	7.489920e-17
13	13	7.806690e-18
14	14	2.196250e-17
15	15	9.760760e-18
16	16	1.087550e-16
17	17	1.310680e-17
18	18	2.422270e-18
19	19	3.889710e-17
20	20	3.424160e-17
21	21	1.416010e-16
22	22	1.842470e-16
23	23	4.310010e-18
24	24	1.137200e-17
25	25	1.137200e-17
26	26	1.145700e-17
27	27	1.145700e-17
28	28	1.981390e-17
29	29	8.766180e-18
