1	1	2.243770e-18
2	2	9.341540e-18
3	3	2.692130e-18
4	4	1.919320e-17
5	5	4.438550e-18
6	6	1.989600e-17
7	7	3.792030e-18
8	8	4.149190e-17
9	9	4.705730e-18
10	10	9.114790e-18
11	11	4.503260e-18
12	12	9.408100e-18
13	13	3.903670e-18
14	14	2.091720e-17
15	15	2.777680e-16
16	16	2.008260e-17
17	17	4.567430e-18
18	18	8.190010e-18
19	19	3.497890e-18
20	20	1.922820e-17
21	21	4.588790e-18
22	22	2.007940e-17
23	23	4.420120e-17
24	24	2.417510e-17
25	25	1.149930e-18
26	26	2.461800e-17
27	27	1.357758e-18
28	28	3.220370e-17
29	29	3.051770e-17
30	30	3.843140e-18
31	31	3.733700e-16
32	32	9.223510e-18
33	33	3.151760e-16
34	34	1.304820e-17
35	35	8.833110e-17
36	36	8.705570e-18
37	37	1.659980e-16
38	38	4.506680e-16
39	39	8.686250e-18
40	40	1.471680e-16
41	41	6.679200e-17
42	42	9.004110e-18
43	43	6.556460e-17
44	44	4.851150e-18
45	45	3.794530e-17
46	46	3.900900e-17
47	47	4.496280e-17
48	48	1.672420e-16
49	49	1.712200e-17
50	50	1.008133e-16
51	51	3.548080e-16
52	52	6.521490e-18
53	53	1.653670e-17
54	54	4.479550e-16
55	55	1.768520e-17
56	56	4.056580e-17
57	57	7.071590e-17
58	58	3.668680e-16
59	59	1.000000e-18
60	60	6.944760e-17
61	61	1.000000e-18
62	62	8.559200e-18
63	63	2.887760e-16
64	64	1.114220e-17
65	65	1.137200e-17
66	66	1.137200e-17
67	67	1.145700e-17
68	68	1.145700e-17
69	69	2.025710e-17
70	70	1.517430e-17
71	71	2.040700e-17
72	72	2.089460e-17
73	73	2.064890e-17
74	74	2.634480e-17
75	75	3.335470e-17
76	76	1.214910e-17
77	77	9.949170e-17
78	78	1.291180e-17
79	79	1.560290e-17
80	80	3.648630e-18
81	81	2.512410e-17
82	82	3.889840e-18
83	83	1.797500e-17
84	84	6.869750e-18
85	85	2.789130e-17
86	86	1.745130e-17
