1	1	2.243770e-18
2	2	9.341540e-18
3	3	2.691560e-18
4	4	4.438550e-18
5	5	1.989600e-17
6	6	1.919320e-17
7	7	3.693620e-18
8	8	4.705730e-18
9	9	8.568810e-18
10	10	4.503260e-18
11	11	8.814830e-18
12	12	3.903670e-18
13	13	2.091450e-17
14	14	2.777680e-16
15	15	1.971680e-17
16	16	3.026080e-18
17	17	3.058320e-18
18	18	1.916090e-17
19	19	3.583350e-18
20	20	8.559400e-18
21	21	2.007940e-17
22	22	1.149930e-18
23	23	2.461800e-17
24	24	1.358528e-18
25	25	2.438230e-17
26	26	2.424100e-17
27	27	3.843140e-18
28	28	1.331450e-16
29	29	7.132540e-17
30	30	3.593940e-16
31	31	9.223510e-18
32	32	2.808710e-16
33	33	7.986580e-18
34	34	1.160150e-16
35	35	7.658480e-18
36	36	2.851940e-17
37	37	4.661770e-16
38	38	7.737250e-18
39	39	1.628440e-16
40	40	5.965950e-17
41	41	8.655020e-18
42	42	1.806030e-17
43	43	1.106400e-17
44	44	9.953270e-17
45	45	1.301680e-17
46	46	3.794530e-17
47	47	3.916750e-17
48	48	4.488540e-17
49	49	2.399430e-18
50	50	4.036700e-18
51	51	2.808790e-17
52	52	1.270190e-17
53	53	6.214260e-18
54	54	2.329870e-18
55	55	7.779880e-18
56	56	2.519150e-18
57	57	1.522840e-16
58	58	9.085730e-17
59	59	1.155270e-17
60	60	4.056580e-17
61	61	3.670390e-16
62	62	7.085930e-17
63	63	1.000000e-18
64	64	6.905170e-17
65	65	1.000000e-18
66	66	2.967400e-17
67	67	2.487660e-16
68	68	5.421100e-18
69	69	2.232750e-17
70	70	9.832550e-18
71	71	1.137200e-17
72	72	1.137200e-17
73	73	1.145700e-17
74	74	1.145700e-17
75	75	2.025710e-17
76	76	1.517180e-17
77	77	2.040430e-17
78	78	2.074020e-17
79	79	2.064630e-17
80	80	2.634220e-17
81	81	6.259470e-18
82	82	1.161600e-17
83	83	7.912620e-16
84	84	1.014220e-17
85	85	9.949170e-17
86	86	1.757950e-17
87	87	1.552830e-17
88	88	2.710810e-17
89	89	2.027790e-17
90	90	7.201670e-18
91	91	7.437610e-18
92	92	4.544370e-18
93	93	5.314840e-18
94	94	1.028780e-17
95	95	2.463970e-16
96	96	1.797500e-17
97	97	6.869750e-18
98	98	2.788670e-17
99	99	1.744950e-17
